4129597651 83 45 58 56 109 121 29 7 22 67 1
4128727918 3 7 58 4 25 83 86 21 104 56 0
4128111099 2 86 67 44 45 28 27 9 114 92 0
4127892797 119 121 97 4 41 26 107 110 114 17 0
4126606139 85 7 6 39 34 31 112 2 21 12 1
4126399141 121 7 14 13 67 5 51 19 4 63 1
4126323645 29 119 40 67 9 88 66 58 104 48 0
4126248490 121 70 7 52 63 85 78 119 12 21 1
4126178478 5 7 77 70 17 110 85 45 67 73 1
4125578041 3 7 74 19 4 86 119 57 41 17 1
4125527650 50 7 19 114 108 26 9 92 21 63 0
4123015776 21 7 2 45 12 30 23 74 36 114 0
4122921003 37 7 19 22 95 21 29 110 41 35 0
4122840184 75 121 70 33 74 51 21 97 113 12 0
4121605340 83 26 2 17 63 112 88 34 40 12 0
4119452275 88 21 70 120 61 20 32 40 9 114 1
4117730569 85 21 63 23 12 83 119 109 19 17 0
4116116540 20 121 120 22 44 64 112 19 74 41 0
4116022499 75 23 120 77 61 5 85 74 42 67 1
4115949825 51 20 114 63 46 79 77 9 14 21 1
4115855416 119 112 19 67 39 20 121 77 85 73 1
4115737085 101 110 69 56 11 26 36 108 27 25 1
4115634305 62 119 9 49 34 3 88 58 109 22 0
4114276827 85 121 45 77 19 88 7 56 9 46 1
4114180546 88 53 9 67 106 75 19 36 77 17 0
4112778819 20 7 9 106 45 51 86 88 114 34 1
4111199904 66 42 119 67 82 75 21 70 114 12 1
4111142006 83 86 42 17 67 7 31 2 92 63 0
4111051187 86 119 2 4 63 31 7 104 13 109 1
4110974702 71 51 45 36 4 5 59 7 53 56 0
4110907473 119 28 38 70 74 75 20 67 63 36 1
4110384213 3 51 7 22 67 84 83 58 93 61 1
4110294999 20 119 99 114 40 103 65 34 42 77 1
4110246041 83 121 36 20 113 103 79 70 22 1 0
4110189115 65 32 68 58 67 88 75 19 36 54 1
4109536852 26 121 104 36 109 119 7 74 65 12 1
4109342555 21 68 7 39 40 28 20 86 22 10 0
4109251618 90 121 19 109 82 7 112 114 64 17 1
4108360183 5 51 58 114 17 83 112 2 39 12 0
4108277151 107 112 25 70 1 27 120 45 19 93 1
4108193488 37 51 21 67 63 14 103 121 92 109 0
4107359673 31 121 92 44 19 103 86 97 9 12 1
4107260899 88 119 40 58 46 87 91 36 104 77 1
4107068959 21 42 121 114 92 45 119 40 61 53 1
4106749622 3 119 4 69 72 121 14 92 95 58 0
4106598106 20 75 36 9 10 121 119 42 52 25 0
4106429860 88 37 96 12 61 26 119 67 57 106 1
4103253496 42 20 121 106 44 64 14 58 92 67 0
4103144124 51 121 65 52 114 7 22 42 77 67 0
4069127119 7 3 40 98 63 71 75 104 70 76 0
4069078452 119 42 7 52 46 85 112 12 63 45 0
4065446779 27 90 99 67 25 7 5 119 63 17 1
4058864426 21 14 56 120 11 53 51 19 4 25 0
4058823713 27 42 119 23 67 86 92 100 58 6 1
4058548547 119 14 64 104 25 86 21 4 42 11 0
4055178930 53 101 7 10 6 119 103 56 78 61 0
4038601566 36 102 119 32 22 85 110 70 71 25 1
4038516714 26 111 104 63 61 75 119 56 57 25 1
4038391618 51 112 106 45 63 119 5 110 17 59 0
4038303972 20 14 92 76 57 27 100 19 77 61 1
4036732098 83 79 114 120 54 37 21 4 19 25 1
4036453306 5 7 2 63 19 51 30 88 74 77 1
4034962980 119 21 41 20 52 14 75 27 76 12 1
4033449288 88 27 79 106 67 100 87 22 36 12 0
4033378071 84 86 45 21 1 64 7 58 17 46 1
4033290953 62 30 120 36 70 68 119 69 34 114 1
4129954748 83 26 45 92 8 103 62 119 98 59 0
4128967806 14 110 36 19 59 7 86 45 76 54 1
4128753656 42 27 60 101 114 105 88 9 33 106 1
4128352993 121 21 19 106 114 7 30 22 109 113 1
4128313587 7 20 40 18 39 22 5 19 44 4 1
4128159748 110 58 21 22 41 75 119 61 95 104 1
4128086594 88 121 42 36 63 51 5 27 34 114 1
4127656935 26 21 74 2 48 14 95 36 64 17 0
4127600018 110 3 95 36 63 83 62 74 9 67 1
4127394748 65 7 79 67 23 28 64 80 61 99 0
4127340484 75 22 42 52 109 84 119 67 45 17 0
4126773530 42 119 97 67 9 28 75 11 63 114 0
4126710767 107 58 59 112 109 27 75 42 106 56 0
4126638775 27 14 106 104 12 87 119 19 70 34 0
4125801306 100 85 78 113 59 83 101 29 94 63 0
4125755706 110 86 36 95 73 32 85 2 41 61 0
4125709707 27 110 70 11 77 71 40 56 63 46 1
4125624343 7 67 119 4 82 62 58 121 114 61 0
4125170730 87 33 31 61 10 79 104 14 97 41 0
4125092429 51 31 12 74 70 7 22 58 4 67 1
4123568038 68 7 114 17 38 86 20 19 45 73 0
4123498690 75 9 36 19 52 121 28 56 45 67 1
4123408269 85 26 25 19 63 30 70 83 96 11 1
4123317041 87 40 88 10 17 119 26 2 70 59 1
4123037011 67 23 13 45 70 36 100 64 92 40 1
4121267959 22 7 112 6 76 119 106 92 97 70 1
4121191396 88 63 27 12 17 85 121 36 19 73 0
4120976753 7 51 87 36 56 75 57 16 19 109 1
4120802070 119 27 7 70 49 42 107 25 67 121 1
4120715129 121 14 61 120 4 86 119 22 2 63 0
4120570307 26 121 2 44 39 22 114 5 17 104 0
4120438731 16 119 58 47 41 14 121 45 70 46 1
4120392323 119 51 36 6 61 25 27 78 23 41 0
4119389218 119 121 48 42 106 101 120 14 114 17 0
4119288114 85 86 71 25 19 7 21 36 42 72 0
4119135665 20 75 6 45 21 119 7 58 63 73 0
4118873102 103 119 45 12 36 3 121 4 70 78 1
4118802926 68 103 110 74 114 121 100 16 92 73 1
4118735372 7 45 99 12 59 121 85 104 106 114 0
4118636249 7 25 106 36 108 88 86 19 8 38 0
4118546150 83 112 7 119 67 101 121 23 19 63 0
4118449839 50 119 67 2 25 14 27 7 58 63 0
4117383702 119 14 65 70 61 64 51 42 46 54 0
4117284979 101 119 97 56 106 20 40 17 19 42 0
4117211257 30 22 42 9 81 88 45 19 70 61 0
4117138543 20 75 96 63 73 31 22 42 67 61 1
4117000900 45 64 51 41 73 7 101 25 67 63 1
4116895660 26 86 70 19 4 9 14 109 21 73 0
4116857617 75 119 42 63 73 14 26 36 70 61 0
4116797556 75 84 70 19 63 51 45 9 67 61 0
4116750713 14 3 2 114 61 42 20 63 36 73 0
4116682405 42 119 20 45 56 121 90 36 63 41 1
4116608396 45 75 58 25 67 100 65 99 36 41 1
4115352775 27 119 42 70 17 83 75 58 36 67 1
4115303717 75 67 110 19 17 3 88 22 81 99 0
4115244581 88 42 119 95 39 75 7 8 38 17 1
4115202918 119 85 42 25 49 88 68 114 36 46 0
4115160764 14 86 67 58 106 27 91 22 56 72 0
4115023759 75 79 57 17 6 83 26 59 2 36 1
4114912273 75 14 36 67 17 7 79 78 21 8 1
4114885867 16 76 27 114 9 86 70 45 63 36 0
4114299993 119 7 2 12 61 5 28 17 36 44 0
4114197489 22 121 14 42 61 75 101 19 12 4 1
4114087112 85 28 111 63 59 88 110 17 6 78 1
4113998190 51 64 55 17 70 31 91 42 73 56 0
4113742383 101 119 36 4 8 121 14 22 12 56 1
4129630312 62 5 99 4 82 20 75 58 17 12 0
4129516077 85 88 25 12 19 71 104 114 110 4 1
4129418810 121 27 36 58 44 14 25 70 114 21 1
4129197173 88 119 74 7 48 87 77 84 70 23 0
4129058145 75 21 45 12 61 58 121 7 104 109 0
4128978975 45 64 19 17 63 83 79 33 74 114 1
4128829030 22 33 23 41 106 103 111 58 49 67 0
4128671387 7 75 58 34 12 3 14 70 25 44 1
4128022042 53 121 6 46 63 68 88 21 44 10 0
4127403180 86 110 58 56 73 100 27 114 109 63 0
4127352872 51 119 56 45 17 85 32 42 67 74 1
4127264295 26 45 104 1 8 119 88 120 22 109 0
4127219725 37 110 19 67 25 32 20 58 106 109 0
4127068191 83 40 74 104 36 32 121 22 12 73 0
4127016421 22 3 92 19 98 85 7 2 4 8 0
4125830666 86 65 90 56 17 121 64 70 106 41 0
4125769389 75 37 42 49 12 5 14 19 22 52 1
4124712952 86 64 114 17 109 26 110 98 4 39 1
4124630778 79 7 88 52 48 86 75 36 99 12 0
4124464403 7 85 65 34 12 16 36 112 11 106 1
4124340737 90 7 58 10 17 5 42 63 12 34 0
4124283415 83 96 110 109 52 60 85 36 106 56 1
4124241970 64 4 89 2 61 20 88 74 36 63 1
4124150121 101 58 52 19 63 88 85 45 36 12 0
4123540137 5 75 23 106 63 7 51 9 36 10 1
4123468490 121 50 70 44 73 27 7 36 106 4 1
4122707407 85 7 106 40 4 112 110 70 45 73 0
4122640819 40 101 59 102 114 100 14 120 47 63 1
4122037724 5 86 109 104 74 20 119 69 34 114 0
4121983785 86 22 21 56 25 7 121 75 74 114 1
4121831914 75 71 97 61 106 62 22 69 74 4 1
4120909178 27 85 19 8 39 101 88 83 56 109 0
4120797135 85 86 2 54 73 14 110 97 67 106 1
4116861486 75 110 70 67 49 20 7 42 12 39 1
4116817688 37 121 58 114 73 27 85 4 33 70 1
4116760999 26 121 74 104 109 85 5 67 19 96 0
4116107800 58 26 21 17 106 75 12 2 92 52 1
4115534007 7 110 45 19 106 75 121 70 17 95 0
4115303239 26 62 109 61 99 25 42 6 7 17 0
4115220849 71 58 22 4 73 119 31 99 78 114 1
4115154679 101 69 17 10 22 64 119 104 67 52 1
4115110865 83 22 7 56 52 101 87 19 17 12 1
4113747524 121 14 70 19 104 20 28 56 58 61 1
4112711782 119 106 110 42 56 108 32 121 74 93 1
4112018758 91 5 70 95 17 75 119 12 42 82 0
4111967549 75 27 56 4 73 119 7 29 36 59 1
4111879529 69 119 14 70 56 86 7 41 58 73 0
4111174717 75 30 59 51 44 22 84 56 61 73 0
4111099828 121 62 120 98 35 7 75 2 6 11 0
4110469826 119 88 70 63 106 26 42 121 92 12 0
4110399226 27 70 14 74 19 7 66 65 67 61 0
4110314936 119 20 35 109 36 88 75 104 12 11 0
4109480596 85 51 58 74 93 37 5 42 70 17 1
4109294237 86 107 19 109 39 26 7 36 8 82 0
4108582423 14 121 63 19 12 5 88 42 8 17 0
4108499793 19 27 74 121 67 37 88 70 25 58 0
4108417766 5 42 37 59 12 66 26 4 8 17 1
4108333267 58 37 21 67 39 75 32 70 104 73 1
4106681340 7 112 114 19 63 86 88 121 12 17 0
4106541536 119 111 4 19 39 96 121 88 11 36 1
4105538691 110 26 2 109 52 75 19 114 14 106 1
4105461005 88 119 25 98 114 77 86 23 7 45 1
4103667263 101 88 42 19 9 20 121 56 36 73 0
4103586965 114 31 19 22 70 20 14 67 106 63 0
4103477327 90 7 114 42 106 91 87 45 19 44 1
4129649264 58 87 45 44 73 121 14 106 7 56 0
4129513922 32 70 119 69 59 121 16 86 9 106 0
4128084298 112 70 49 23 110 121 64 42 17 109 0
4127863655 88 30 36 22 67 28 62 121 74 12 1
4127666428 110 67 75 96 73 121 37 69 114 8 1
4127613001 110 121 2 70 73 119 83 22 36 48 1
4127539792 75 7 92 6 21 40 112 59 45 67 1
4127432665 20 121 59 9 96 7 110 19 63 61 1
4127384221 16 5 70 19 73 84 100 58 74 63 1
4126567612 7 21 97 61 114 64 121 19 15 67 0
4126426516 3 83 27 56 4 103 114 59 2 45 0
4126308284 5 62 36 63 73 37 119 58 52 114 0
4126226023 85 121 7 36 63 90 2 79 73 56 1
4124953884 119 69 87 17 93 19 121 63 56 100 1
4124856687 101 88 12 63 73 5 7 4 67 19 0
4124759478 88 27 20 56 17 22 7 114 120 82 0
4124652593 121 79 99 19 67 86 21 22 70 104 1
4124572055 7 112 9 67 98 83 121 45 63 10 1
4124494147 5 85 114 56 65 100 64 36 106 1 1
4124428307 7 86 63 34 109 5 119 70 40 73 1
4124344946 19 110 14 35 109 83 111 2 56 59 1
4124301115 85 14 51 17 109 7 3 56 2 63 0
4121815890 21 3 121 106 73 87 14 44 4 63 1
4121744044 83 119 10 96 34 121 7 21 56 73 1
4121508543 112 65 7 63 61 86 110 23 9 6 1
4121181735 119 83 11 19 63 86 88 42 106 46 0
4119785112 10 35 110 17 73 113 87 14 121 2 0
4119656450 121 103 63 70 76 26 83 67 19 22 0
4119550810 88 3 45 114 56 83 121 2 9 39 0
4119409949 85 27 63 72 73 86 110 58 12 76 1
4117446075 83 114 67 19 22 7 68 12 70 73 1
4117344069 3 88 59 10 34 68 64 65 47 109 0
4117203947 21 119 22 36 4 7 9 120 46 63 0
4117131596 26 59 67 7 36 88 2 119 114 106 1
4114323096 75 51 23 74 8 21 91 42 106 61 1
4114219513 20 83 18 36 94 121 19 95 14 25 1
4114143405 58 42 119 41 23 21 38 36 93 25 1
4114063861 120 83 39 121 81 119 75 106 56 48 1
4113912033 85 79 106 67 19 75 70 114 119 73 0
4113568544 75 52 70 17 63 112 110 74 12 36 1
4111052530 31 30 15 114 23 22 35 33 74 104 0
4110952687 71 75 42 72 19 121 58 90 56 12 0
4109405206 88 25 75 78 114 119 7 84 41 36 0
4109317942 85 119 114 35 58 75 52 59 70 9 0
4106461103 85 121 106 19 109 7 37 59 58 54 0
4106387820 87 119 56 96 93 62 121 58 23 67 1
4105350428 37 64 16 45 67 110 84 34 42 63 0
4098165431 68 78 36 56 21 83 58 26 4 106 0
4091111450 71 1 7 34 58 51 119 35 75 106 0
4088378576 66 106 20 88 17 75 5 96 9 109 0
4088272046 119 39 22 8 61 23 27 2 17 114 0
4087934391 20 119 28 113 70 88 58 121 74 12 0
4087862121 119 110 106 48 104 65 121 114 36 61 0
4087786162 7 91 22 72 73 30 121 69 25 9 1
4085809960 119 22 103 36 54 83 75 49 58 67 0
4085748529 75 104 21 56 82 119 59 7 18 121 0
4085673029 21 74 86 44 70 5 22 63 42 121 0
4085545885 20 42 121 73 63 87 7 56 36 114 0
4085468096 75 7 36 114 73 85 27 4 58 67 1
4083656451 119 62 67 4 21 9 121 96 114 61 1
4083597219 5 88 104 36 12 83 42 27 59 93 1
4083523685 3 25 103 65 44 26 121 104 70 59 0
4083336262 30 14 6 58 45 3 2 92 48 121 1
4080186830 83 27 17 49 19 119 65 14 74 52 0
4080043291 37 88 63 20 19 121 7 6 36 11 1
4077711884 62 7 69 70 63 85 119 40 34 73 1
4077468529 7 27 42 25 63 70 64 14 36 67 0
4129702456 85 21 36 4 73 32 40 69 77 19 0
4129616967 26 32 56 73 36 112 11 96 4 109 0
4129523320 31 88 74 45 56 119 85 16 19 113 0
4128839353 31 86 70 73 39 79 75 58 106 95 0
4128073988 75 85 49 21 41 83 71 59 63 25 1
4127783537 81 26 52 5 19 75 110 2 18 17 0
4123094766 79 22 8 58 25 75 65 19 114 13 0
4123024771 86 7 70 4 73 75 40 112 109 25 1
4122927459 68 121 67 45 19 20 75 99 106 56 1
4122632244 58 32 19 36 45 86 75 106 104 73 1
4122591558 68 92 109 104 114 29 9 14 12 23 1
4121524296 75 19 86 45 36 66 100 47 63 23 1
4118918003 85 5 42 56 4 14 103 111 61 109 0
4118833953 75 61 119 69 67 65 88 112 74 1 0
4117670804 31 22 7 67 19 107 121 33 97 109 0
4117578119 20 58 45 63 67 26 14 7 22 114 1
4117481457 7 119 12 104 46 88 20 45 34 49 0
4117293833 7 32 86 12 61 26 27 42 41 106 0
4116934858 112 12 40 70 49 26 79 57 19 17 1
4116847240 88 101 86 70 73 27 119 42 9 63 1
4115858778 75 79 97 93 52 27 119 56 17 42 0
4115724265 2 68 59 7 35 66 85 47 99 73 1
4115205280 75 70 42 32 59 22 21 69 61 1 0
4115161562 79 75 2 35 11 62 88 81 22 56 0
4114294613 26 7 67 49 25 86 112 19 63 22 0
4114046698 85 114 65 42 72 101 67 119 58 19 0
4113937949 85 65 17 19 70 88 75 58 67 36 0
4112499138 87 51 7 12 17 86 121 99 46 18 0
4110742163 20 119 42 52 73 83 78 121 59 12 1
4110299690 64 7 45 49 12 119 83 9 25 94 1
4110178549 30 52 42 41 25 119 58 110 54 19 1
4108393025 14 75 16 72 59 103 20 35 36 12 0
4104503720 119 5 67 63 17 107 86 22 44 25 1
4104452125 30 62 19 67 47 32 112 114 34 93 0
4103177336 14 45 104 4 9 119 36 40 12 114 0
4102875094 85 64 120 70 17 58 86 2 12 56 1
4102826039 85 7 58 63 34 14 3 42 22 48 1
4101660910 121 6 20 78 58 40 42 7 22 106 0
4101431196 37 121 67 55 7 9 5 61 42 44 0
4101330980 51 27 58 74 48 101 100 121 36 44 0
4064338157 5 69 119 70 4 83 3 56 19 61 1
4062825889 83 16 119 22 12 64 85 59 63 36 1
4062323622 29 14 22 94 36 39 45 47 104 114 1
4062276818 26 83 22 81 97 37 71 119 6 36 0
4061016689 83 64 58 41 34 86 3 7 106 63 1
4060933019 14 111 69 12 34 119 51 97 39 36 0
4059799099 3 85 108 106 1 45 27 21 70 10 0
4059274675 68 22 42 114 44 83 112 21 36 12 1
4059201402 110 100 9 25 73 62 58 36 101 42 1
4057925567 87 59 58 22 8 32 75 36 56 70 0
4057857059 101 25 14 104 41 87 71 99 36 61 0
4052618524 83 79 56 99 41 71 22 54 19 11 1
4051192864 14 51 64 12 11 27 42 110 106 35 0
4050793814 71 112 2 45 8 87 22 74 104 109 1
4050732571 21 4 63 70 64 5 88 32 36 82 0
4050459052 101 85 42 22 67 71 119 58 17 99 1
4048822546 64 119 42 8 61 16 2 56 58 17 1
4047342359 5 71 67 21 114 88 83 45 104 61 1
4047156315 88 5 21 23 9 85 22 36 38 73 0
4046912828 83 27 38 59 54 26 14 4 55 74 0
4046861153 3 5 97 56 11 85 20 14 70 35 0
4044499207 3 75 54 42 17 5 88 70 36 4 0
4037779540 71 84 14 109 4 101 30 108 70 49 0
4037715999 88 110 75 49 1 64 59 42 21 17 1
4037661024 101 69 120 44 11 86 42 99 75 17 0
4036444307 119 102 75 12 106 68 22 42 87 41 1
4036323793 27 120 9 25 63 84 30 39 104 106 1
4036197738 26 32 51 25 1 119 30 43 58 67 1
4035965254 5 119 99 106 98 83 26 42 63 56 1
4035074290 21 27 38 63 61 88 37 42 41 106 1
4034688685 110 67 14 42 17 31 40 114 36 11 1
4034612237 68 32 108 44 17 26 71 98 46 48 0
4034453156 37 2 100 17 1 119 75 88 21 95 0
4128757490 85 39 25 36 114 7 119 108 41 45 0
4128137140 23 37 45 82 63 112 7 110 74 56 0
4128064597 70 112 99 119 73 91 64 17 19 72 0
4127890524 85 7 121 114 4 75 86 104 63 70 0
4127492101 88 121 58 114 17 31 86 72 113 99 1
4125021142 25 37 7 19 41 74 86 22 2 44 1
4124974888 5 83 119 106 61 101 14 8 74 104 1
4124911070 111 101 83 44 82 86 75 57 19 73 1
4123393580 9 84 102 46 109 37 110 2 36 41 0
4123310252 26 110 19 119 56 7 86 52 17 10 1
4119485170 121 22 42 106 9 25 40 99 114 19 1
4118492009 84 119 7 67 46 26 121 19 11 12 1
4117848188 77 22 119 34 42 27 62 12 9 4 0
4117752918 86 21 70 109 17 7 75 42 22 18 0
4117660617 30 100 70 52 9 27 85 42 39 67 0
4116719659 7 121 36 58 77 14 45 56 5 22 1
4116111123 3 119 45 63 114 83 86 67 42 25 1
4115860555 75 7 63 12 36 21 5 51 22 109 1
4115784152 75 83 109 17 19 121 62 58 114 98 0
4114493717 119 14 12 42 36 3 88 45 67 34 1
4114281525 87 88 36 12 61 75 119 22 67 7 1
4114162129 87 62 49 4 106 85 21 63 36 41 0
4113552742 14 121 106 63 73 85 101 2 109 17 0
4112764167 119 121 96 52 12 75 6 7 11 9 1
4112638089 83 91 2 49 41 75 66 19 109 23 1
4112459956 14 26 36 59 46 103 45 6 63 11 1
4111807990 121 58 11 72 77 20 119 19 6 17 0
4111191333 112 7 63 12 114 101 91 61 2 41 0
4110868718 84 7 61 9 67 101 88 110 114 109 1
4110752254 119 110 10 70 82 84 104 111 34 67 0
4110152561 66 121 70 22 109 112 100 20 106 67 0
4109297963 23 121 67 4 112 119 58 30 106 73 1
4109214360 84 7 19 35 77 71 26 121 92 17 1
4109111223 86 91 42 114 97 85 37 58 19 67 0
4108526530 51 50 70 42 61 9 74 45 36 33 1
4108311434 83 27 40 47 12 64 22 67 114 17 1
4106460573 20 86 88 59 10 31 119 70 17 12 1
4106277767 21 120 110 67 17 79 83 63 46 1 0
4106159624 121 114 22 120 70 58 30 69 25 63 1
4105271893 103 22 16 54 45 83 119 58 63 46 0
4105171065 23 71 89 58 114 85 42 45 67 17 0
4104887116 3 21 58 56 61 22 121 63 38 44 0
4104810801 7 75 121 46 70 37 83 92 9 25 1
4104402215 85 14 42 106 67 21 7 108 74 12 1
4104253162 30 96 21 114 77 75 62 7 99 12 0
4103495579 26 32 19 41 46 119 83 22 70 52 0
4103392354 5 57 121 73 36 20 19 58 6 59 0
4102973265 103 121 63 70 4 88 111 86 74 109 0
4102611590 86 112 19 70 25 7 22 42 17 63 1
4099848384 20 37 70 46 48 84 101 9 7 67 1
4099708639 20 28 86 121 44 103 87 97 113 120 1
4099477275 26 5 121 19 70 22 14 8 9 104 1
4097894395 56 119 63 52 4 20 26 21 49 67 0
4097821930 58 5 45 70 4 75 22 74 119 63 0
4097719925 30 121 48 19 39 110 71 119 74 10 0
4097645428 31 19 36 61 6 84 110 74 119 67 0
4094461685 110 37 69 36 67 7 83 23 114 33 1
4088073043 64 71 67 49 119 86 9 110 7 74 1
4087983601 110 21 19 8 67 5 121 74 104 14 1
4087886095 40 5 100 11 20 68 2 9 22 63 1
4067184560 75 91 78 36 17 87 14 70 22 41 1
4067138046 26 63 97 41 44 5 86 114 120 22 1
4065417673 7 112 96 70 56 88 5 61 9 114 1
4065324292 7 68 9 67 36 79 119 70 56 73 0
4063836487 88 5 22 67 42 27 7 106 63 1 1
4062261933 27 31 70 45 17 50 21 58 80 39 0
4060495081 86 13 14 63 113 75 70 50 56 36 1
4129535605 7 111 114 63 59 88 112 95 34 19 0
4127661847 19 119 14 114 73 112 87 106 109 63 1
4127480977 20 119 19 11 114 75 14 49 97 8 1
4126366098 7 75 109 17 19 119 83 67 69 106 1
4126193009 26 100 74 44 63 70 21 110 113 52 0
4125191562 85 86 22 63 114 28 112 36 12 25 1
4125114939 2 31 121 45 63 26 87 70 49 34 1
4125061584 62 86 97 12 74 87 85 19 109 73 0
4124902647 88 97 64 74 8 121 101 2 25 44 1
4124378737 20 75 120 19 44 100 107 63 25 109 0
4124160434 87 88 2 109 73 21 105 7 25 44 1
4123585723 7 121 63 19 36 75 101 42 2 39 0
4123522368 20 114 32 98 61 5 14 2 58 73 0
4122750313 110 14 67 63 46 3 119 104 74 19 0
4121443021 52 65 27 61 70 79 58 63 17 6 0
4121098077 21 121 88 106 54 7 20 2 46 109 1
4120881794 88 75 14 81 17 119 59 19 56 110 1
4119914863 75 121 67 40 73 5 70 4 22 14 1
4119722678 75 40 45 100 73 58 120 25 9 104 0
4118966076 7 120 121 61 10 5 14 40 97 4 0
4116991543 30 7 59 99 77 27 39 42 121 67 1
4116934085 75 21 42 36 59 20 83 74 45 113 1
4116839475 75 21 19 41 82 88 26 58 63 73 1
4116084703 14 42 109 6 63 58 121 56 45 114 1
4115633182 75 58 119 67 106 20 69 52 49 82 1
4115504736 88 58 119 7 113 14 121 6 61 63 1
4115326346 83 86 58 54 17 88 51 15 34 9 0
4114413116 31 21 36 9 19 87 2 119 113 114 1
4114161514 58 31 51 22 12 121 119 59 4 9 0
4113003556 79 88 7 6 17 45 67 21 121 46 1
4112742567 87 79 104 109 4 7 40 119 106 63 1
4111333518 83 64 99 67 82 22 96 37 92 12 0
4111242360 32 75 12 70 19 88 121 7 17 9 1
4111107113 121 42 7 25 63 85 119 9 8 74 1
4110676173 37 121 7 67 11 99 2 17 21 9 1
4109779663 119 7 14 56 97 66 86 104 106 63 1
4109691953 111 101 2 106 82 16 121 45 17 109 1
4109640673 64 65 59 67 96 119 36 12 17 21 1
4107594794 68 85 17 63 9 51 37 22 41 82 0
4106826952 20 121 42 12 106 64 21 7 114 4 1
4106741477 100 6 119 19 92 71 32 69 25 36 1
4104569742 50 64 74 67 9 85 30 70 109 46 0
4104495820 7 108 6 21 63 121 107 58 74 67 1
4104452147 121 45 33 42 40 119 75 104 19 46 0
4104383251 31 14 74 45 12 75 42 121 114 52 1
4104315145 21 75 42 6 113 119 5 74 2 73 1
4103692736 23 32 9 114 40 121 14 49 4 36 0
4103629317 51 70 121 4 56 103 7 75 74 12 0
4103551741 121 42 22 64 10 75 16 70 106 48 0
4102030217 53 7 19 56 74 5 40 93 42 73 1
4100844898 86 37 70 120 22 119 3 19 56 17 1
4100794802 85 121 9 4 67 83 40 70 36 106 0
4100043676 21 119 9 36 67 14 5 70 23 63 1
4099683458 83 85 15 17 73 26 37 22 67 70 0
4099583159 37 119 59 67 70 14 86 21 61 63 0
4099324507 91 75 99 19 73 26 85 42 67 25 0
4099253393 112 20 36 58 12 100 65 121 47 109 0
4099208107 26 69 22 67 25 119 83 65 36 109 0
4098084954 121 85 19 114 22 65 64 16 67 52 1
4097712365 64 7 70 25 4 5 119 42 45 67 1
4095800735 27 75 6 9 63 85 7 58 67 82 1
4095595203 88 119 63 59 109 32 79 19 9 61 1
4094369744 27 64 78 9 21 75 2 70 121 17 1
4129355350 21 79 42 23 109 27 7 78 36 73 0
4129259639 112 119 22 45 81 79 88 7 19 109 1
4128872829 30 23 97 8 35 85 26 33 59 114 0
4128831845 119 110 41 77 74 75 7 42 45 73 1
4127936064 30 103 2 93 17 87 83 45 21 109 1
4127814818 75 78 7 67 113 64 83 21 23 109 0
4127622067 119 31 70 57 17 3 121 45 67 74 1
4127571995 23 86 109 74 2 5 121 52 36 67 0
4126626804 58 87 22 70 63 83 31 21 81 74 0
4126013739 86 7 19 56 73 88 42 62 34 54 0
4125615319 21 19 83 23 44 79 45 7 106 109 0
4125094257 75 119 36 10 44 32 20 33 12 106 1
4124768184 112 19 91 77 72 119 121 38 9 59 1
4124587355 121 53 96 19 4 75 88 63 52 54 0
4123431257 119 64 69 23 48 37 4 7 9 74 1
4123083990 103 5 22 114 19 68 108 14 109 23 0
4122981244 31 112 22 42 109 51 20 33 23 41 1
4122879547 111 51 57 17 12 78 21 112 114 109 1
4122697414 85 14 120 63 36 75 119 70 52 114 1
4114459586 7 22 121 70 17 101 79 9 21 72 1
4108722623 7 5 99 48 61 75 83 58 70 114 1
4105355253 7 110 62 67 25 112 32 63 52 73 0
4103244989 87 121 114 7 98 58 29 2 17 49 0
4091619256 3 119 78 77 56 20 112 42 9 17 1
4090891044 75 45 33 36 12 83 84 58 88 67 1
4089600191 119 121 19 97 54 111 65 58 4 67 0
4089154065 63 79 14 52 106 20 71 58 59 114 0
4089048722 83 75 9 59 104 2 14 110 15 4 0
4087913002 30 119 69 19 113 88 121 42 80 76 0
4087825779 85 119 83 47 67 5 62 59 70 52 0
4087764408 20 83 47 34 4 26 70 101 108 25 1
4087706268 3 101 42 44 18 83 119 58 109 73 0
4087636104 75 42 89 63 36 119 83 71 12 106 0
4086994988 85 79 59 39 19 75 70 72 64 106 1
4086811151 30 22 23 49 1 37 110 19 67 11 1
4086716024 83 121 78 67 61 75 14 7 23 8 0
4086640594 50 7 63 58 46 71 27 19 109 70 1
4086424494 5 110 96 39 70 119 83 58 56 11 1
4086305999 121 32 92 60 93 119 71 21 70 73 0
4085457500 85 3 58 93 17 101 7 22 9 67 1
4084728812 5 21 58 93 25 7 121 33 45 113 0
4084398768 64 121 58 41 11 51 5 44 96 82 1
4082588860 27 99 88 33 36 65 50 53 56 82 1
4082476473 3 19 80 59 67 45 91 49 36 109 1
4082412532 79 119 88 67 19 45 75 104 61 36 0
4073503276 7 111 19 109 61 51 119 70 22 67 0
4073380088 28 58 40 92 9 83 21 65 70 73 1
4068166612 35 25 42 120 106 26 80 14 93 17 1
4068060695 30 53 37 106 114 88 112 50 9 70 1
4059336689 90 22 120 104 36 83 5 38 46 44 0
4059255976 32 4 100 114 90 27 112 104 77 82 0
4059117340 32 71 30 18 106 83 9 14 56 59 0
4059047520 64 7 42 94 70 37 12 69 14 77 1
4058953564 5 60 70 21 17 75 29 59 64 4 0
4058865069 21 9 77 42 59 75 88 120 17 49 1
4058729046 111 69 14 70 61 101 29 63 25 93 0
4058397667 75 2 90 41 17 100 111 96 59 56 0
4058336193 79 70 42 56 109 14 50 39 49 46 1
4058245377 88 37 41 2 74 7 119 33 4 106 1
4058111292 110 104 42 11 58 119 14 45 106 80 1
4055188900 5 14 58 81 11 7 101 36 49 67 1
4053830386 27 67 58 33 61 31 7 32 19 4 1
4053775999 89 70 31 44 11 5 36 112 58 109 1
4052042786 65 27 85 11 61 7 5 49 36 67 0
4050271832 83 22 53 25 67 9 110 7 4 56 0
4050223649 83 110 42 106 114 7 104 5 67 25 1
4050185923 101 5 74 2 77 85 64 70 19 46 0
4049533786 84 86 36 109 46 3 7 67 25 33 0
4130486778 85 27 45 56 34 119 7 70 73 12 1
4129641871 30 110 92 41 114 119 14 88 106 48 1
4129540585 85 91 2 45 67 50 119 36 63 6 0
4127773182 75 41 7 99 74 5 84 19 59 63 1
4127668637 20 53 70 4 48 3 7 97 34 56 1
4127607805 14 3 70 95 52 85 119 58 45 36 1
4127510713 87 105 108 76 109 83 78 75 12 59 0
4127260479 121 19 13 112 54 119 7 76 12 2 1
4126622965 32 45 70 23 63 16 84 121 114 34 1
4125617702 121 86 113 52 63 7 71 58 36 12 1
4123103681 75 119 12 59 36 14 67 121 19 4 1
4122626631 75 88 83 22 114 85 112 19 52 56 1
4122508879 21 26 19 109 52 121 53 65 101 12 1
4121594623 84 7 2 4 82 107 83 78 106 52 0
4115938676 26 62 70 59 56 31 107 36 33 67 0
4114434807 110 112 29 67 4 5 101 42 114 61 1
4112810409 21 22 58 98 12 31 119 42 19 67 0
4112717019 121 5 17 19 114 119 102 64 56 63 0
4112647059 75 119 59 42 36 83 7 58 67 39 1
4112557999 26 119 58 12 46 5 88 41 52 63 1
4112328531 9 27 108 67 17 85 14 36 74 114 1
4112180381 75 85 120 12 25 88 22 36 2 72 1
4112114601 7 58 21 45 67 86 70 56 61 27 1
4112071803 91 32 45 19 113 7 121 58 77 63 0
4111989907 7 86 42 70 34 83 27 63 67 46 1
4111923640 75 26 67 61 63 14 27 58 70 36 1
4111205071 31 7 121 4 67 100 110 81 63 19 1
4111032035 37 121 49 69 67 100 110 41 74 63 0
4110880269 107 91 85 59 67 52 121 42 106 56 0
4110685253 26 110 49 97 95 20 3 74 114 9 1
4110403785 7 37 33 12 34 68 42 74 119 73 0
4110349504 7 21 70 74 12 68 51 19 67 52 0
4110300185 30 119 45 67 25 36 14 56 84 59 0
4109399641 86 91 72 74 63 83 58 45 110 10 1
4107484484 87 26 23 73 10 121 32 44 14 94 0
4104338686 31 121 114 58 82 2 112 20 19 63 0
4104283889 119 97 75 106 99 121 5 74 19 70 0
4104237501 37 121 70 67 34 5 75 58 95 36 1
4103629756 83 85 19 41 49 81 21 63 70 73 0
4103499394 38 7 27 19 56 112 36 62 17 54 0
4103406622 30 83 23 22 67 5 7 93 120 52 1
4103277816 68 83 58 6 59 14 112 70 45 106 0
4103053691 14 119 43 114 41 5 121 106 12 63 1
4102919895 26 84 70 22 12 119 88 74 42 67 0
4102809473 26 121 69 59 12 62 52 13 67 61 1
4102767298 66 14 99 63 92 86 121 58 70 59 1
4102692418 85 17 64 36 4 119 74 66 22 12 1
4102127518 37 42 101 70 17 75 121 19 114 61 0
4102085195 7 22 75 63 89 26 71 70 56 99 0
4101954650 114 119 59 22 67 75 100 4 109 73 1
4101797691 107 5 72 19 114 75 108 91 56 61 1
4101637354 111 119 47 70 19 75 121 40 36 59 0
4101556958 7 99 112 23 67 91 5 42 72 98 0
4101432342 31 14 70 34 19 26 58 112 63 61 0
4101245379 19 14 22 12 25 5 7 58 4 18 0
4101179277 121 7 9 2 44 32 119 91 56 34 1
4129075654 7 64 45 74 106 3 30 51 36 12 1
4128949960 7 21 19 36 114 83 42 5 106 52 1
4128889384 83 26 19 74 44 75 121 67 33 22 1
4128233294 7 97 110 41 52 101 29 86 12 73 1
4128158215 100 45 23 36 44 42 121 26 22 109 1
4127853102 26 100 45 92 44 3 14 40 1 73 0
4127761335 12 111 7 95 120 50 88 21 17 77 0
4126647960 23 103 112 106 48 5 26 36 59 114 0
4126525407 83 65 36 114 61 20 79 12 63 57 0
4126439276 88 91 17 54 108 27 51 119 47 67 1
4126178652 75 21 19 45 12 40 111 42 15 25 0
4125621239 121 79 58 106 114 83 33 5 4 63 1
4125014805 100 21 25 63 73 121 88 58 114 59 1
4124946859 119 69 121 93 19 75 7 42 114 73 0
4124878606 107 26 36 44 61 75 100 48 25 63 1
4124799827 31 88 19 95 76 16 87 54 23 63 0
4123526258 88 19 121 63 47 107 37 36 104 12 0
4123455381 85 79 36 108 106 91 30 63 12 19 0
4123355330 83 121 36 95 73 7 110 19 56 42 1
4123187448 85 42 119 67 73 5 74 22 120 41 1
4121967324 75 51 40 86 73 5 83 104 25 109 0
4121846920 119 19 110 114 39 27 120 22 21 67 0
4120517724 7 3 13 96 44 75 9 4 19 34 1
4119821742 121 84 110 39 12 75 79 19 67 106 0
4119577411 86 22 114 19 9 88 119 78 77 52 0
4119435591 83 45 16 21 109 103 37 67 63 74 0
4119348701 66 119 78 49 74 83 7 67 9 34 0
4119237744 83 27 78 17 48 111 42 45 114 1 1
4118988610 100 68 47 41 11 20 88 51 92 67 1
4115129321 75 88 47 70 106 26 7 67 59 63 1
4114342105 20 75 42 49 12 19 121 74 71 67 0
4114230411 103 5 78 21 12 75 121 19 93 82 0
4109124550 5 7 59 12 19 83 31 42 67 74 0
4107255954 51 66 53 114 95 83 5 121 109 19 0
4107162030 83 5 63 95 17 66 7 110 22 12 1
4107066159 111 107 42 17 109 75 100 36 45 67 1
4104465214 5 7 45 67 59 85 112 17 6 63 1
4103384540 79 107 63 19 17 121 87 88 49 98 1
4103176243 42 86 119 121 70 83 5 12 63 74 0
4102879433 23 31 19 9 82 5 88 70 34 63 1
4102619463 75 27 9 63 73 26 112 108 88 12 0
4102560610 121 110 36 4 56 111 109 63 79 11 1
4101266880 53 7 48 42 34 119 5 106 36 12 1
4100755736 14 31 58 106 61 112 7 74 48 98 1
4100045372 26 9 7 19 12 88 121 42 72 49 0
4099942006 36 5 53 58 82 100 105 9 2 114 0
4099853294 30 53 97 23 41 66 10 19 121 42 1
4099719740 26 5 61 67 70 71 17 39 7 6 1
4099603549 100 111 67 63 17 112 83 12 19 44 0
4099490522 83 26 63 12 98 20 22 119 49 73 1
4099435903 83 121 31 8 25 5 119 42 12 23 1
4099353200 30 42 121 70 11 7 99 56 111 39 1
4098575368 51 19 121 67 46 83 7 39 59 63 0
4069455876 86 119 92 12 46 27 5 70 54 39 0
4069382568 119 5 23 42 63 51 15 83 45 11 1
4069327287 75 20 53 9 6 3 51 108 67 39 1
4069260863 5 70 7 52 36 86 21 77 19 42 0
4062581857 112 100 110 70 34 30 9 41 84 113 1
4061069031 119 62 2 17 63 83 75 23 12 42 1
4060994173 62 27 19 93 34 3 7 102 49 70 0
4060888938 3 25 14 2 70 27 100 19 41 74 0
4058880361 119 14 36 17 70 37 51 78 67 34 0
4058474947 88 86 65 74 70 83 119 41 33 46 1
4058419755 83 5 42 36 92 85 7 110 98 12 1
4057898487 83 110 70 67 61 3 36 14 10 114 1
4130011546 101 86 78 45 70 75 110 2 67 82 0
4129843179 86 51 70 36 73 23 119 74 55 12 0
4129232811 107 45 9 22 109 27 121 4 70 114 1
4129066530 30 112 25 2 109 71 5 63 61 114 1
4128398299 45 121 102 56 106 75 64 63 36 74 1
4128300118 85 112 114 96 82 104 88 36 25 109 0
4128170121 83 45 65 10 63 119 78 53 22 109 0
4127984586 121 2 75 106 10 23 14 114 119 17 1
4127676783 88 79 70 106 63 71 21 58 45 109 1
4127617609 51 7 121 12 61 75 58 108 4 114 1
4127551271 119 69 53 49 63 85 86 98 25 67 1
4127450460 3 5 88 70 61 71 22 21 76 99 1
4127409622 22 85 23 20 67 75 71 42 113 61 1
4127373225 37 121 20 19 17 83 119 54 4 49 0
4127324602 14 121 19 56 52 20 7 86 10 17 1
4127142616 68 7 120 67 46 85 121 58 74 12 1
4126343858 31 88 34 114 109 58 22 7 56 25 1
4125989136 119 7 58 114 34 14 27 21 74 109 1
4125752990 86 23 110 52 8 27 7 36 73 44 0
4125637679 87 85 40 109 61 119 103 56 22 17 1
4125599412 20 7 106 58 109 75 51 110 44 61 0
4124782068 86 22 97 4 20 7 119 45 12 46 0
4124298879 27 23 21 95 120 31 7 22 99 109 0
4123615293 7 68 69 74 95 75 42 71 63 73 1
4123552589 100 85 36 114 70 20 88 58 25 109 0
4123434334 107 121 70 45 46 26 66 10 19 63 1
4123308890 119 86 9 94 22 121 68 74 63 4 1
4122947742 7 5 9 77 95 75 27 56 52 63 0
4122659859 112 110 7 88 109 39 26 97 8 52 1
4122595994 26 21 56 50 109 101 114 96 95 106 1
4122024325 20 92 63 9 114 86 28 110 49 12 1
4121871529 7 121 74 36 12 83 23 19 58 77 1
4121806560 7 119 9 19 12 66 5 61 36 63 1
4121721967 119 79 22 12 2 40 14 36 25 63 1
4119029947 75 114 27 70 92 119 85 36 97 109 0
4118809679 3 86 58 52 109 85 119 23 36 63 1
4118694371 85 7 47 12 121 75 119 21 52 6 0
4118592576 58 32 47 5 109 21 65 19 59 48 1
4118529967 83 20 67 16 4 75 7 58 114 77 0
4116851166 79 3 52 61 63 101 20 21 6 58 1
4116805367 14 121 42 56 25 88 36 27 61 109 1
4115923642 112 88 97 95 46 79 5 19 25 44 1
4115831169 20 83 121 67 61 21 3 42 13 45 1
4115647300 75 28 45 114 78 121 62 96 67 46 0
4115556969 83 121 63 95 73 86 21 19 2 41 1
4115270636 100 7 121 63 98 119 58 27 109 61 0
4115200173 121 26 104 74 77 5 7 70 12 17 1
4115153784 85 7 58 67 22 86 14 42 52 109 0
4114149376 119 14 70 44 34 5 58 56 121 113 1
4114070335 39 9 112 11 67 14 5 42 36 4 0
4113984137 26 86 70 114 63 119 40 7 49 12 1
4113687170 32 38 70 121 109 45 108 14 17 44 1
4113611765 27 121 9 17 10 75 103 70 52 109 0
4113516983 75 2 21 17 109 22 64 56 69 73 0
4113394826 19 65 22 119 70 3 36 14 63 77 0
4113066723 85 3 17 42 109 111 119 2 59 12 1
4112993017 71 22 9 59 67 7 5 63 56 10 0
4112920699 3 30 36 39 67 88 7 70 114 49 1
4112833619 119 51 25 69 109 21 64 36 106 12 1
4112687726 32 42 21 9 67 75 5 56 63 45 0
4127774150 68 84 19 8 17 22 70 53 49 56 0
4127696503 64 79 70 63 13 112 83 36 39 45 0
4127627227 71 51 49 36 70 26 88 63 92 22 0
4127232579 83 64 63 22 67 111 62 36 33 46 0
4127188270 84 51 97 76 12 14 21 36 2 11 1
4126302111 101 7 19 40 4 85 58 21 54 35 0
4124814499 3 20 4 49 25 121 110 42 41 39 1
4124739757 75 88 63 9 36 100 112 57 67 23 1
4124065440 26 85 19 74 12 86 79 4 114 78 0
4123277751 88 101 2 81 17 64 7 77 59 19 0
4123141876 119 110 74 9 19 83 112 104 56 17 0
4119568650 21 70 45 22 4 83 121 19 109 52 1
4119369776 37 114 91 19 73 5 7 70 109 25 1
4119219797 60 5 58 12 11 88 2 79 4 73 0
4118481550 85 119 58 4 73 86 72 42 31 19 1
4115667666 85 20 5 70 73 26 58 110 72 25 1
4115050920 66 75 54 19 120 121 2 40 56 82 1
4114994934 7 64 58 56 114 119 19 42 49 61 0
4114240725 30 52 20 67 45 75 58 17 16 54 1
4114122794 3 51 22 106 77 88 121 40 25 10 0
4113368331 103 121 96 12 114 86 87 106 2 36 0
4112706336 27 7 77 53 73 110 121 67 29 46 1
4111996530 64 7 45 58 41 65 22 84 46 72 0
4108242645 22 30 2 49 98 88 9 121 58 73 1
4106413479 75 96 119 92 73 7 121 77 56 63 0
4106355288 26 121 97 70 4 5 103 74 63 44 1
4106250632 3 7 13 58 114 87 88 63 49 46 1
4106181423 85 58 42 39 56 7 74 121 98 19 1
4102860078 121 64 97 8 106 107 7 12 9 70 0
4102702070 14 84 59 58 63 26 16 70 9 56 1
4101103750 64 110 63 70 19 30 7 45 106 67 1
4092016282 86 7 58 59 36 20 88 47 67 17 0
4090430432 83 121 70 109 21 85 7 119 9 73 0
4090317911 30 58 40 74 93 5 102 121 70 61 0
4089934473 51 112 61 2 12 64 7 58 42 73 0
4089864040 3 7 36 54 73 14 19 41 110 74 1
4086650866 84 58 88 61 67 121 62 42 17 99 0
4086560444 31 119 70 67 17 5 88 58 25 63 0
4086358370 100 85 119 17 114 111 65 104 63 22 0
4085715220 7 21 109 36 45 26 75 19 10 82 1
4083786209 30 84 2 61 10 20 58 107 19 63 0
4040576799 112 108 14 4 70 5 59 26 42 12 1
4040504202 14 36 119 104 93 87 91 69 22 12 0
4040427444 5 14 92 4 41 85 21 112 93 106 1
4040301086 26 45 88 74 4 21 119 36 93 11 1
4040201898 87 14 36 19 54 75 114 5 67 17 1
4040050631 101 14 42 11 114 75 99 90 20 34 0
4039903180 119 83 69 59 93 75 26 17 8 120 0
3970064013 26 14 17 38 10 86 88 69 34 4 0
3969998253 26 101 104 92 9 83 56 21 49 69 0
3965081421 86 89 38 34 8 65 37 60 43 10 0
3924937624 26 102 21 113 82 88 79 100 11 48 0
3924862164 64 60 21 77 25 3 85 99 61 8 1
3924686542 107 86 19 95 11 16 26 35 102 44 1
3924502165 30 60 89 41 94 119 27 78 22 77 1
3922528514 88 3 57 48 61 20 60 2 15 46 1
3921468290 87 88 104 9 114 119 28 69 47 77 0
3921374380 119 101 57 49 48 16 77 52 54 43 1
4129494104 37 91 2 70 72 112 58 121 73 63 1
4129386408 112 78 119 45 12 121 86 2 114 106 1
4128095642 85 27 78 36 95 20 7 45 12 61 1
4127762634 51 83 21 36 18 107 119 45 25 109 0
4127427124 31 88 18 92 63 7 75 45 12 4 1
4127043321 119 121 7 22 63 20 85 56 74 19 1
4126685988 14 31 77 63 39 7 110 114 89 48 1
4126635399 27 101 83 63 73 7 86 65 9 41 1
4126588767 20 7 42 92 6 111 88 36 45 109 1
4125064252 75 78 112 63 36 83 26 19 45 95 1
4124985626 51 58 75 49 67 84 45 69 19 17 1
4124926051 110 106 33 7 63 27 59 100 56 4 1
4124829654 83 42 45 22 57 20 86 40 36 61 1
4124694651 5 107 45 106 22 31 32 21 34 109 1
4123396556 26 22 2 54 95 71 121 57 109 73 1
4123338534 31 51 2 109 11 75 7 25 97 41 1
4123273443 121 83 20 22 63 3 100 41 36 17 1
4123198105 75 119 7 59 56 20 45 85 63 6 1
4121969808 101 21 104 63 106 22 71 19 17 109 0
4121906373 26 75 7 56 23 30 102 74 59 48 1
4121477309 86 45 42 97 44 75 51 83 106 12 0
4121355757 41 31 12 53 17 7 119 21 19 44 0
4119603263 7 121 36 17 70 20 22 79 106 95 1
4119518616 30 121 70 19 73 75 83 40 67 46 1
4117673650 22 75 42 17 114 119 45 92 106 95 1
4112772479 37 88 77 9 17 26 63 102 70 73 1
4111062750 83 110 67 19 9 85 5 45 17 63 1
4109753801 50 29 20 67 46 121 42 75 19 59 0
4109705374 7 64 114 42 19 37 121 88 36 67 0
4109617800 31 88 39 19 67 119 75 70 49 63 1
4109502286 84 37 32 67 106 86 107 9 49 63 1
4109383437 107 27 109 19 11 86 84 32 67 25 0
4109300185 20 19 100 106 82 56 119 5 49 63 1
4108594836 3 119 63 54 106 26 121 19 12 17 1
4108439649 5 51 19 12 11 20 119 70 63 73 1
4108348658 20 70 119 63 73 3 64 19 12 25 1
4108240491 5 88 36 42 17 119 63 64 67 106 0
4108151158 119 20 74 67 63 75 121 19 70 73 1
4108042782 37 14 120 106 67 85 119 42 56 17 1
4107959548 85 112 36 74 109 75 119 78 56 34 0
4106051492 121 110 25 36 61 83 75 45 70 74 1
4105039661 7 75 88 17 114 85 119 95 42 46 0
4104916855 88 19 37 25 67 119 85 70 63 15 0
4104259484 7 75 106 34 63 121 66 19 70 17 1
4103468586 58 51 67 74 104 7 31 63 17 70 0
4103377599 64 86 112 12 73 119 85 56 78 34 0
4102502813 85 121 9 45 36 83 30 63 74 19 0
4101812850 5 110 70 1 73 20 22 78 8 17 0
4101740884 121 112 36 63 17 64 100 33 67 23 1
4101501430 58 7 19 9 25 83 78 119 45 56 0
4100905407 110 121 41 42 74 20 5 34 67 63 0
4100617472 119 110 63 2 11 26 21 80 42 17 1
4099783442 75 7 110 25 19 86 119 70 63 82 0
4099620233 5 104 119 67 4 121 54 28 63 61 1
4099183950 14 71 99 22 106 30 37 17 96 93 0
4099130730 75 7 22 17 12 112 119 34 42 70 1
4099086108 75 83 56 45 42 3 119 36 8 82 0
4099052190 62 31 32 67 25 3 121 42 61 19 0
4098251274 3 33 14 25 12 119 7 39 70 63 0
4097942348 7 86 40 37 1 5 42 17 14 52 0
4097007037 5 51 14 95 46 37 74 65 75 12 0
4096924862 83 21 59 76 19 101 64 42 121 98 1
4096669730 119 83 67 58 34 3 121 63 12 25 0
4096432298 70 37 7 67 22 83 119 63 42 36 0
4129841308 100 19 52 9 41 20 75 33 18 4 0
4128879663 20 27 7 17 109 32 14 2 1 73 1
4126517517 60 14 105 22 67 53 45 114 27 23 1
4126408466 84 121 96 106 67 62 70 49 63 73 1
4124122604 119 26 114 99 46 3 22 47 19 12 0
4123028186 110 27 36 23 109 121 32 6 33 25 1
4122957288 86 79 19 49 67 119 75 96 12 94 1
4117507610 110 119 77 70 25 91 114 120 99 36 1
4117396191 51 58 119 68 67 121 79 70 36 106 0
4112627739 111 51 44 2 17 112 7 58 63 73 0
4108946563 121 7 58 12 95 31 112 23 70 63 0
4104984431 37 14 63 39 67 101 121 25 19 2 1
4104409915 5 121 7 70 17 100 119 79 58 48 0
4103457076 85 75 19 22 93 5 71 121 17 114 0
4103367336 7 75 53 114 113 119 71 45 19 70 0
4102922248 85 26 109 19 113 88 87 58 12 17 0
4101534046 3 119 67 36 19 112 121 21 6 17 1
4101217190 119 58 64 59 94 51 75 48 14 36 0
4099863752 5 22 2 8 73 7 121 58 10 12 1
4099777587 20 7 45 70 73 88 58 86 37 67 1
4098354433 121 14 77 58 46 68 67 42 59 112 1
4098173138 7 45 42 34 49 87 121 4 41 58 1
4090408791 51 121 12 99 106 65 4 88 45 73 1
4085731374 110 7 121 93 17 21 37 104 67 73 0
4084176552 84 7 52 36 9 83 27 63 81 13 1
4083495497 83 5 42 12 59 68 88 9 19 36 1
4082311648 50 119 104 63 12 85 16 36 39 67 0
4080075108 14 64 99 18 25 16 3 42 76 63 1
4075806326 119 51 88 17 12 110 112 99 63 73 0
4074015086 101 14 74 92 56 26 70 22 57 9 0
4071738638 88 59 79 109 9 20 112 4 49 63 0
4071640000 84 5 65 56 17 64 21 114 40 59 0
4068309305 5 36 52 99 106 20 58 69 56 61 0
4068145105 20 19 70 6 17 110 75 106 63 13 0
4068038416 26 57 119 67 61 37 14 6 17 104 0
4064022244 27 110 58 56 73 51 37 19 63 11 1
4063014813 26 19 14 56 52 110 64 2 36 67 0
4062670323 119 75 96 39 67 50 45 19 12 54 0
4061520015 64 14 36 9 114 79 7 42 34 63 0
4129567828 79 51 67 61 63 68 7 88 12 17 0
4128040029 5 112 12 110 73 89 19 75 106 44 0
4127965794 45 96 85 74 114 121 88 67 22 70 0
4126572569 88 75 48 19 39 9 29 119 21 12 0
4126491541 26 5 45 19 109 110 119 70 114 73 1
4126399485 119 103 45 106 54 7 121 67 9 73 0
4126272242 75 21 39 33 56 121 110 12 36 17 1
4124911497 26 32 33 70 74 85 7 19 9 114 1
4124752599 86 21 19 13 114 75 22 25 69 73 1
4123102976 26 45 21 12 2 88 121 69 72 61 1
4115913159 121 91 42 72 49 88 10 7 27 12 1
4115749095 106 53 52 54 19 84 101 56 59 2 0
4115643529 51 75 52 67 11 3 119 104 12 46 0
4114189000 121 7 9 12 46 88 31 41 52 56 0
4111118551 121 45 64 48 19 5 110 56 69 4 0
4110984393 7 14 114 74 36 65 121 19 22 52 1
4109498154 5 107 92 36 63 75 79 74 9 67 1
4109414026 14 30 59 39 67 119 32 58 52 1 0
4107220402 51 26 45 74 12 103 67 5 7 4 0
4107131185 5 62 63 40 45 121 14 42 67 61 1
4105116721 27 110 84 45 12 32 22 96 8 106 0
4104351144 20 112 74 9 120 119 22 70 58 12 0
4101310841 20 68 45 63 4 30 83 93 102 73 1
4100051947 121 86 19 114 73 5 79 38 39 67 1
4099861042 121 88 9 17 36 87 52 63 14 94 0
4098441959 85 121 22 70 4 112 110 19 109 17 0
4098352767 22 110 7 61 54 75 21 56 19 46 1
4098157791 7 75 33 23 12 121 42 22 67 82 1
4097861153 3 112 96 12 73 50 14 61 63 10 1
4097814682 26 32 36 12 46 60 119 63 25 48 0
4096884627 21 112 33 4 49 7 121 19 12 39 0
4096480127 85 58 36 4 63 21 37 69 67 25 0
4094802155 119 7 104 36 49 27 5 63 70 17 1
4094706935 64 110 42 70 1 68 97 14 106 36 1
4094520229 121 101 104 80 61 110 27 33 12 45 0
4092640909 97 17 8 32 119 86 45 25 12 70 1
4092511518 22 106 86 97 67 26 101 7 8 25 1
4088788746 119 68 74 67 69 5 83 41 56 45 1
4088679461 27 22 7 109 106 112 119 53 41 52 1
4086839395 107 9 19 76 93 14 121 99 62 35 1
4086729322 45 7 20 104 52 86 5 9 70 17 0
4086520201 86 100 114 96 61 119 110 64 74 56 1
4085942373 7 63 22 45 70 83 4 58 121 82 1
4068436403 84 68 42 17 109 7 26 62 78 22 1
4056664595 71 27 58 61 44 5 14 97 70 57 0
4054976564 79 26 42 39 1 36 63 5 64 12 0
4054910927 88 45 110 36 82 86 57 119 77 76 1
4054821879 45 112 14 17 44 87 22 77 58 82 1
4053099174 37 21 2 77 61 112 119 42 67 106 0
4052991226 75 69 14 25 10 5 110 78 47 109 0
4051178571 62 119 42 36 106 83 27 88 4 34 1
4051106714 83 5 42 56 49 85 14 58 12 61 0
4050362563 64 2 45 49 63 83 119 76 39 70 1
4049667751 87 7 45 56 11 75 119 104 67 4 1
4049598914 32 26 2 76 12 75 100 70 23 120 1
4046994796 89 90 6 9 19 119 14 97 54 106 0
4046938733 110 5 41 52 69 26 119 36 17 114 0
4046157140 75 7 9 36 61 119 64 92 42 63 1
4046050819 26 14 17 114 104 27 69 92 41 36 1
4045956508 27 5 36 12 25 68 64 42 106 109 0
4044458248 79 42 45 74 114 64 2 12 36 110 0
4044368898 101 66 36 45 17 5 26 70 19 35 0
4044269101 75 58 39 81 46 101 119 96 49 56 0
4042471345 103 85 4 6 46 7 78 79 44 36 1
4042396573 119 79 97 17 8 7 45 14 40 46 1
4042328905 62 37 58 4 39 83 27 120 25 56 1
4042153237 86 22 58 36 4 64 45 119 104 42 0
4129344754 121 83 42 41 39 7 112 74 63 67 1
4127844711 37 101 36 109 17 64 110 92 19 41 1
4126702620 83 3 56 59 2 121 88 106 67 9 1
4126595063 119 101 7 11 109 51 26 67 36 25 1
4125026678 103 110 19 98 74 100 3 104 4 109 1
4123258298 101 83 39 4 106 19 5 91 36 72 0
4123059705 79 119 58 23 67 3 121 108 34 44 1
4119702358 26 62 70 19 1 121 88 114 23 36 1
4119422901 83 86 96 74 106 31 112 119 17 12 1
4117437774 7 5 119 41 11 91 86 56 19 63 1
4117351597 112 22 104 67 59 3 110 83 63 46 1
4115045885 23 121 119 36 17 7 83 9 63 82 1
4114467005 27 7 36 23 1 3 88 42 67 22 1
4114421194 65 121 70 67 61 26 2 119 104 12 1
4114365226 37 22 19 45 93 121 7 65 106 61 0
4113573032 85 30 52 19 76 26 70 12 14 56 1
4073973458 37 7 42 19 36 110 120 41 33 17 0
4073856584 5 22 9 70 82 50 103 106 21 19 0
4054726678 26 9 28 4 36 31 2 64 41 11 1
4049613726 5 97 27 44 56 68 101 2 23 41 0
4049515485 64 110 33 114 39 119 14 58 106 8 1
4049419000 29 20 101 23 41 112 14 7 114 39 1
4049339450 14 41 119 81 49 31 32 25 120 8 1
4049227172 27 119 108 75 70 7 37 33 4 23 0
4046403493 108 99 32 106 90 119 5 97 114 82 0
4046331568 26 9 21 41 76 84 35 57 119 67 1
4046125384 28 119 45 6 25 51 90 64 93 52 0
4046020934 68 20 2 25 6 26 37 54 7 46 1
4045942855 30 97 119 78 41 37 27 104 47 77 1
4040405363 5 85 28 11 12 37 65 33 23 114 0
4040326633 37 5 42 25 4 30 87 33 23 12 0
4040223610 27 119 42 23 48 62 5 114 39 36 1
4040135651 101 26 97 17 41 7 30 16 104 67 1
4040036833 5 13 64 93 46 62 119 88 44 39 1
4039958177 37 100 78 93 76 101 9 14 106 114 1
4039518043 89 106 101 41 99 88 22 33 93 15 0
4039466483 60 119 54 42 76 27 23 120 53 79 1
4038568311 45 51 14 48 36 71 22 21 56 73 1
4038457163 86 42 71 54 35 14 64 108 70 76 1
4038393032 5 16 43 14 34 51 37 38 74 63 0
4038314802 32 51 99 23 10 101 5 33 39 41 0
4038202920 119 39 106 7 44 30 51 40 34 114 0
4036728408 20 37 104 41 13 64 36 21 39 76 1
4036583852 16 83 42 25 93 21 64 33 41 34 0
4036485862 31 3 42 21 114 119 64 97 11 41 0
4036378015 30 58 97 111 4 101 13 26 74 56 1
4033137559 3 38 60 58 10 51 37 47 119 98 0
4033068271 101 27 78 73 93 20 68 97 4 104 0
4032925223 30 110 9 114 34 31 23 99 35 44 1
4032825650 85 86 39 19 67 5 119 97 23 93 0
4031718713 107 51 22 11 6 83 20 9 46 10 0
4031667195 29 21 33 54 25 5 26 42 44 17 1
4031600714 5 26 12 56 98 85 9 119 49 41 1
4031525988 64 84 9 41 11 5 48 7 108 17 1
4022394035 21 60 14 22 73 5 51 19 34 56 1
4015462718 84 110 58 95 34 102 7 22 76 106 1
4015387528 101 16 94 104 9 29 119 23 58 114 0
4015231708 27 16 52 48 22 5 77 36 14 73 0
4014808503 9 21 5 49 25 20 64 97 68 41 0
4014740189 101 20 97 4 23 100 86 69 44 82 1
4014625184 86 14 106 70 21 30 100 110 39 114 1
4013985115 65 75 86 52 4 26 64 56 102 58 0
4009146233 83 22 5 114 17 7 91 21 67 82 1
4009069654 31 64 49 61 48 112 75 16 32 98 1
4009002404 14 31 59 104 44 30 64 63 1 75 0
4007325825 80 62 2 22 21 31 27 9 93 106 1
4007211871 2 60 26 114 17 68 110 36 106 41 0
4129712464 88 64 63 19 61 119 58 55 54 114 0
4129426995 7 22 49 99 109 32 14 112 59 56 1
4129350624 45 88 58 17 59 112 22 70 67 35 1
4129199219 20 121 99 63 17 88 85 58 113 106 0
4129133377 31 121 7 94 12 26 40 70 99 113 0
4128973839 26 7 120 74 109 83 70 86 17 54 0
4127820757 20 75 70 114 73 31 120 21 46 63 0
4127731361 119 32 2 45 70 7 14 57 63 94 1
4127393090 50 23 36 74 48 112 14 19 63 25 1
4122989313 26 14 40 109 106 20 21 70 22 54 0
4111987200 119 64 70 19 61 15 16 121 23 67 1
4111945101 84 32 85 114 74 99 121 27 70 73 0
4108492881 63 5 31 58 114 66 52 67 104 35 0
4097818633 20 119 19 114 12 121 68 106 108 6 1
4097762390 75 19 31 67 4 62 121 27 72 106 1
4091950940 119 14 39 36 63 20 7 102 67 17 0
4091893690 37 119 67 42 35 83 70 63 14 59 1
4091808077 75 121 69 44 61 112 110 58 18 109 0
4090104730 14 121 108 93 61 64 88 45 19 70 1
4089942171 119 20 92 36 73 3 67 121 104 114 1
4089868983 103 119 36 6 82 112 85 42 52 114 0
4089762716 26 7 104 58 114 101 119 36 63 73 1
4087859827 7 20 32 59 67 64 75 79 23 63 1
4087801003 112 20 114 19 67 31 119 42 12 73 1
4085614701 66 121 55 59 12 20 5 42 81 17 0
4083610017 16 5 70 99 52 20 110 51 45 67 0
4081413066 36 121 75 56 104 101 84 41 58 34 0
4081354998 83 84 121 67 46 86 88 69 54 52 1
4079125268 88 108 22 36 12 5 20 63 4 73 1
4079044364 75 5 42 44 46 64 121 29 41 82 1
4078937186 119 21 19 36 44 7 86 45 35 67 0
4059385825 83 5 2 67 25 14 86 58 23 36 1
4059334675 21 85 28 13 39 16 75 4 63 46 0
4059277524 104 64 101 49 114 5 62 56 2 36 0
4059195610 119 14 40 36 67 107 27 70 120 4 1
4058165802 119 84 69 93 70 14 26 19 99 73 1
4058101319 51 88 21 63 73 75 58 22 114 61 1
4057681625 85 22 2 56 61 119 45 71 6 73 1
4056482907 26 70 58 113 61 5 22 56 69 74 0
4056411697 27 119 40 39 56 85 100 70 36 17 1
4056328479 27 45 14 10 61 90 2 36 64 19 1
4055952317 85 37 2 9 4 119 5 110 17 67 1
4054106566 75 22 58 74 12 119 102 42 67 34 0
4052548833 88 104 26 63 70 101 42 84 41 4 0
4052268140 83 30 78 4 114 75 42 119 36 63 0
4052200026 64 101 2 35 41 85 27 57 34 36 0
4050826317 71 51 99 56 46 101 112 67 49 42 0
4050584995 79 96 26 22 70 85 64 19 36 67 0
4050519326 84 22 78 88 56 14 112 45 70 73 1
4049104299 64 96 54 21 34 7 112 36 58 4 1
4048877868 71 7 75 36 4 119 22 67 2 17 1
4048765769 37 119 7 39 12 101 87 42 77 36 1
4044015870 83 103 7 63 61 88 42 26 40 73 1
4043925101 85 64 20 36 19 79 87 4 45 73 1
4043386661 5 21 42 63 82 119 22 70 17 48 0
4041006932 101 75 97 41 21 87 6 90 58 59 0
4040926448 68 51 42 104 11 21 2 30 44 59 1
4039531413 27 2 54 110 22 71 6 51 9 94 0
4039474034 119 120 65 54 39 36 22 88 42 52 1
4039092389 27 12 9 22 7 69 14 39 70 61 1
4039053892 23 99 14 56 11 51 110 47 5 42 1
4024587240 101 84 68 4 73 100 119 104 114 61 0
4126510142 121 70 30 114 25 26 23 40 6 9 0
4126436560 75 49 9 33 6 37 21 92 88 109 1
4126085469 45 70 33 62 25 75 2 101 119 67 1
4124794149 85 7 22 97 63 64 40 25 120 36 1
4124626159 83 111 67 33 25 89 119 9 14 49 1
4124355785 86 62 120 74 114 51 75 9 41 73 0
4124238204 75 112 114 56 36 9 119 22 7 42 0
4124184251 112 42 56 70 73 75 119 17 96 12 0
4123370745 26 12 5 114 10 110 45 2 42 92 0
4123263229 7 70 119 22 23 81 63 64 14 39 0
4123178402 83 7 51 12 4 23 62 106 19 9 1
4123063120 83 119 59 67 39 86 22 2 17 109 0
4121000622 85 45 2 77 42 88 64 40 4 23 0
4120913170 112 62 34 19 67 101 9 36 46 41 0
4119703585 75 32 45 7 67 119 83 102 109 74 0
4119516650 5 86 96 63 34 75 2 32 4 106 0
4118782223 121 70 9 88 23 37 27 55 17 67 1
4116943248 119 85 4 19 109 75 42 16 22 70 1
4115959332 5 14 70 23 120 62 121 104 34 109 0
4115752253 23 87 12 70 74 119 31 67 4 57 1
4115561912 21 5 52 108 63 119 86 97 70 17 0
4115399125 121 52 53 114 74 119 71 41 25 104 0
4114040352 58 86 22 67 114 79 7 121 61 56 1
4113950858 119 33 99 25 48 121 86 19 106 12 1
4113872528 86 7 42 23 36 85 20 58 63 17 0
4113520002 27 32 13 2 99 62 121 101 1 73 0
4112492738 5 101 77 42 74 85 114 7 1 9 1
4112338739 121 28 22 12 17 106 64 53 67 71 1
4112253912 75 104 65 12 34 121 22 4 21 114 1
4112027159 32 42 40 12 17 119 100 33 70 23 0
4111975198 121 27 32 114 36 5 4 7 58 109 0
4110930045 88 65 110 93 86 22 75 99 34 8 1
4110837305 31 23 113 38 17 21 32 27 12 74 0
4110750836 71 14 47 98 23 121 45 22 42 2 1
4109335085 121 119 29 113 6 100 110 36 4 70 0
4108778981 3 114 104 36 9 75 65 25 14 44 0
4108563048 75 29 56 120 101 119 100 25 32 4 0
4108478177 27 106 14 19 12 20 85 7 6 74 0
4106431024 21 26 109 104 36 114 5 120 22 44 1
4106315625 3 59 19 104 11 27 112 99 47 9 1
4106246047 26 70 2 12 4 71 56 99 64 22 0
4105051954 52 75 97 59 109 27 121 74 2 114 0
4104939082 51 33 64 67 109 26 7 14 4 47 1
4104523306 7 37 101 85 48 20 52 32 79 8 1
4103328731 26 13 8 74 4 86 37 2 9 67 0
4101520202 26 88 104 15 18 75 7 119 22 67 1
4101396097 91 100 106 99 70 119 120 5 17 114 1
4099274182 75 45 14 61 114 35 86 2 52 46 1
4097668256 86 71 22 4 43 119 51 27 106 74 0
4097628094 23 75 59 87 44 30 40 72 97 11 1
4096616611 67 32 33 17 62 85 75 6 78 47 1
4096442959 30 83 49 12 23 106 14 13 17 52 0
4096367087 86 51 22 106 95 101 27 67 16 25 1
4096133934 91 121 16 52 113 119 84 7 44 36 1
4096027671 101 16 67 74 17 21 39 14 9 93 1
4094807198 111 120 110 42 11 51 37 88 67 106 0
4094699819 30 19 107 20 74 75 14 69 106 73 0
4093871542 68 104 67 14 61 5 33 74 42 41 0
4093756209 75 33 67 96 17 86 39 29 22 48 1
4093695216 27 14 19 6 113 9 111 110 106 17 1
4092432245 95 121 30 108 4 119 70 52 74 53 0
4129709701 31 14 108 41 56 121 27 4 17 77 1
4128079341 85 96 70 45 22 27 110 92 74 12 0
4127980811 86 16 110 13 109 62 114 26 42 47 1
4126099196 27 83 34 99 67 119 96 84 113 48 1
3953802367 21 38 64 41 13 119 101 57 93 23 0
3950254691 84 5 60 34 57 85 30 41 4 98 1
3950063209 64 60 12 51 39 101 119 114 2 9 1
3949934106 30 101 92 108 113 85 21 38 93 4 0
3949792235 108 64 52 43 67 51 37 2 25 95 0
3948513333 50 86 8 33 34 26 40 36 4 11 0
3948409776 66 30 108 47 4 62 3 38 48 46 0
3948233634 20 62 108 67 46 88 119 2 61 4 1
3948130363 2 26 14 4 25 52 16 22 15 67 0
3946212312 14 41 87 88 76 3 101 36 54 106 0
3944613627 87 50 16 59 12 85 14 29 56 25 1
3944511006 86 23 80 69 76 62 119 7 13 106 1
3944348581 3 57 23 109 69 101 71 99 12 106 1
3944217016 21 104 86 67 17 22 108 52 34 4 1
3941782996 30 88 108 25 4 87 51 27 74 114 0
3940248470 52 88 69 67 94 83 25 64 36 77 0
3939910315 51 27 88 25 12 62 104 75 22 8 0
3939706371 23 2 26 48 25 84 64 104 22 4 0
3939469010 86 97 29 39 4 64 9 104 8 61 1
3938648399 64 114 21 41 25 85 22 2 45 4 0
3938574248 59 37 16 30 4 101 119 57 95 82 1
3938468504 86 16 60 82 48 87 2 101 41 47 1
3938352061 83 110 23 4 74 62 38 86 94 25 1
3938255793 110 3 4 99 44 30 28 57 74 54 1
3938188991 27 16 96 21 41 101 23 60 36 46 1
3938117683 2 62 60 92 56 26 14 69 4 25 0
3937897037 101 22 69 41 34 111 20 57 10 52 1
3937820884 87 88 4 34 93 119 21 38 74 8 0
3887835309 101 16 60 93 61 69 43 26 25 12 1
3887669559 20 22 88 4 17 87 62 8 41 34 1
3887562026 30 22 41 65 46 62 87 58 93 11 1
3886786120 68 40 39 10 98 2 101 62 35 12 0
3886666748 62 101 65 67 52 60 69 64 47 89 1
3884795887 21 110 41 49 69 62 101 72 55 12 1
3884668704 91 60 79 49 10 119 23 108 39 12 1
3881957616 86 88 52 102 10 78 100 87 39 109 1
3881829656 55 5 45 22 41 87 88 69 109 106 0
3881045169 37 107 28 22 8 88 62 69 106 46 0
3880980941 64 69 71 76 114 100 41 101 57 61 0
3880918575 87 22 2 95 25 53 62 69 34 12 0
3879965036 119 40 2 76 93 3 62 16 41 39 0
3879782213 31 16 62 11 44 100 64 106 52 98 1
3879663075 27 60 41 76 8 112 7 16 93 25 1
3879569954 51 66 69 109 22 26 104 41 76 108 1
3878662802 101 62 38 11 41 103 60 16 21 93 1
3878608349 50 62 16 52 44 87 51 71 76 41 1
3877581888 14 60 2 36 48 26 29 21 12 52 1
3877498585 64 40 33 4 46 62 27 69 52 93 1
3877420510 32 96 37 47 1 30 71 108 49 41 1
3876700601 64 16 114 98 11 101 14 36 109 34 0
3876603791 75 60 2 43 109 40 16 65 49 93 1
3876509297 16 52 34 108 41 51 14 99 12 74 1
3876437711 103 60 27 95 11 87 62 55 8 23 1
3875381851 101 60 91 25 41 88 38 50 12 11 1
3875318938 86 62 74 120 12 88 69 17 21 54 1
3875128691 75 88 39 120 41 26 51 60 21 44 1
3875036272 87 14 38 93 25 101 107 98 44 11 0
3874922773 62 91 72 21 25 26 22 23 97 44 1
3872846706 16 41 27 8 11 119 86 10 29 74 0
3872646717 62 64 102 74 56 65 100 13 114 34 1
3871950059 90 52 16 47 44 103 62 38 41 49 0
3870854740 62 27 29 48 106 26 14 104 12 11 0
3870780014 64 60 99 36 109 31 120 23 52 93 0
3870621341 101 104 26 81 2 32 50 17 106 93 0
3870533898 32 27 20 38 25 14 62 11 22 59 0
3870408155 28 119 13 61 109 23 102 36 64 52 1
3868298045 64 51 57 52 41 22 71 35 8 69 1
3868040732 31 52 29 49 41 79 86 19 106 15 1
3867947230 45 85 108 59 109 119 2 92 52 114 0
3867375627 86 101 108 8 82 2 30 69 76 41 0
3867240458 30 69 108 48 25 37 85 36 41 52 1
4129215247 30 51 121 70 73 27 31 35 22 114 0
4129132466 119 83 109 74 57 21 19 110 8 25 1
4128972495 88 119 42 12 25 85 3 74 70 44 1
4128855443 3 121 70 114 61 7 75 74 36 67 1
4128795132 66 120 45 109 74 83 7 36 63 67 0
4127861359 26 112 2 54 17 85 121 70 19 74 0
4127717676 75 121 70 77 73 32 88 45 114 59 1
4127496548 45 110 7 8 35 121 75 58 59 109 1
4127271441 100 7 2 22 12 85 121 45 77 114 0
4127179107 88 121 110 59 12 14 22 36 93 35 0
4126227895 5 112 114 120 61 70 121 22 67 27 1
4126148417 37 14 104 19 95 110 58 88 106 56 1
4126079044 26 110 104 56 52 16 27 17 9 95 0
4126004936 107 112 22 74 44 119 66 63 114 52 1
4125936464 85 26 74 41 36 83 99 14 40 17 1
4125866757 119 7 58 17 8 23 110 19 12 49 1
4125610959 68 94 67 74 110 100 79 36 77 46 0
4124561851 85 121 33 6 74 103 58 119 109 17 1
4124453194 83 110 16 44 73 86 88 98 17 48 1
4124397316 121 25 63 70 41 112 85 104 12 59 0
4124230960 26 7 81 4 52 75 107 49 44 33 0
4122898260 85 78 27 67 52 3 58 63 17 12 0
4122836582 85 75 78 25 109 7 26 93 13 73 1
4122768774 32 27 36 10 70 16 111 21 106 52 1
4122710356 101 70 22 19 11 75 110 16 98 82 0
4122655431 119 97 85 114 74 64 19 110 17 67 1
4122603520 79 119 19 67 17 51 31 58 36 10 0
4121639588 75 88 63 74 12 51 86 64 49 67 1
4121539557 22 110 78 17 18 121 14 32 47 63 1
4121450539 99 22 121 17 10 7 75 104 12 74 0
4121324195 3 121 70 106 114 23 9 36 22 61 1
4121231588 62 37 78 25 1 75 97 21 36 114 1
4121147279 85 27 29 54 45 68 14 6 49 92 0
4121088618 107 68 58 56 4 30 110 73 44 36 1
4120969031 62 5 56 10 22 64 23 58 106 114 1
4119173868 42 110 25 53 4 85 58 5 63 106 1
4119084390 110 88 78 41 25 75 22 67 63 52 1
4118929431 14 27 99 54 4 7 91 96 77 106 1
4118797948 86 85 70 61 52 83 21 40 6 59 0
4117574752 5 2 62 74 67 83 64 36 63 78 0
4117382091 71 62 9 54 61 119 74 84 70 46 1
4117029970 5 119 96 59 67 64 3 63 12 73 1
4115697908 87 88 7 47 67 75 21 19 17 77 1
4115628466 87 119 70 63 36 27 56 32 42 52 1
4115567129 119 78 14 12 73 27 86 104 48 17 1
4115513628 30 21 63 7 41 37 112 67 42 45 1
4115440497 119 85 67 36 74 101 5 114 70 11 1
4115157568 121 42 112 59 8 27 119 74 67 36 0
4129820990 121 14 17 67 25 119 5 21 42 35 1
4129328301 112 100 58 17 54 110 36 9 21 42 1
4128983451 85 26 58 11 67 83 69 6 78 59 1
4128184736 110 121 69 93 114 70 88 64 106 109 1
4128132783 75 42 70 14 73 86 7 114 45 46 1
4127693327 75 14 88 45 67 71 20 36 23 42 1
4127243362 75 14 109 9 77 101 85 59 36 25 1
4127134064 62 88 104 58 17 101 31 36 99 63 1
4126667491 121 78 75 52 95 84 36 86 114 39 0
4126619130 75 28 13 67 114 14 7 27 73 63 1
4126549861 53 86 67 97 114 51 5 70 106 63 0
4126482354 83 121 40 67 49 5 32 70 74 109 0
4126415873 86 88 58 39 114 26 121 70 74 12 0
4126330093 88 5 70 109 19 32 64 7 9 114 1
4126243312 19 110 11 67 105 71 119 70 63 74 0
4125879497 85 121 58 63 73 3 21 92 120 78 1
4125535168 26 12 103 36 63 119 5 110 19 61 0
4124954638 7 36 37 74 67 75 21 65 33 114 1
4124636959 71 112 104 41 17 119 20 63 45 95 0
4124560805 3 22 7 12 17 51 121 78 114 52 1
4124473911 12 5 22 104 52 83 110 19 114 73 0
4124415818 45 75 2 49 48 59 58 51 21 109 1
4124265951 3 65 42 106 113 85 25 97 36 12 0
4123976519 7 87 36 17 70 14 75 19 109 47 1
4123916861 7 21 77 61 27 31 120 65 19 114 0
4123110550 64 74 83 96 67 91 85 19 114 4 0
4117092219 22 81 53 106 8 51 84 63 11 114 0
4117034633 108 5 21 1 106 9 111 19 44 23 0
4116979535 26 68 109 7 97 23 31 108 70 36 1
4116913633 30 21 106 98 35 60 101 71 70 67 0
4116860144 121 37 74 96 8 84 75 14 95 44 0
4116780690 20 84 23 74 48 119 110 2 36 14 0
4115982978 71 26 14 42 23 101 2 97 22 54 0
4115869398 58 14 92 42 114 119 121 36 67 21 1
4115757212 42 9 113 40 44 100 41 14 36 18 1
4115635581 36 121 42 9 44 26 14 120 67 45 1
4104641965 119 101 39 56 42 5 51 67 59 70 0
4104557948 83 121 65 67 36 23 26 58 9 106 1
4104466385 27 14 78 70 113 79 5 42 49 48 0
4104418417 83 5 70 45 4 119 102 14 36 74 1
4104338329 84 88 40 70 114 85 21 49 36 63 0
4103750999 51 121 41 97 34 30 83 45 36 12 0
4103597628 5 64 2 25 48 68 26 42 12 74 0
4103448136 75 88 49 53 82 119 97 83 70 106 1
4100247923 7 75 36 70 61 68 2 101 72 4 1
4100172883 83 5 21 74 63 36 22 86 70 77 1
4100118283 87 9 51 44 97 32 21 19 74 106 1
4100035418 50 84 9 67 17 121 79 14 70 35 1
4099941862 14 119 21 41 35 22 29 64 39 93 1
4098581859 2 31 32 74 63 84 14 28 17 70 0
4098500383 68 75 14 39 67 112 70 7 94 106 0
4098435740 9 42 104 63 44 66 108 21 74 70 1
4094850674 27 85 19 4 109 7 36 21 9 73 1
4094741156 87 20 54 36 63 5 121 70 42 17 0
4094642979 7 119 2 36 109 86 75 65 56 82 1
4094541145 27 62 65 39 8 83 75 70 61 36 1
4093999004 83 86 58 56 23 27 62 42 25 70 0
4092878224 62 14 74 21 97 9 32 121 40 61 0
4092754375 14 68 88 36 67 75 16 2 76 109 1
4092625386 84 9 67 53 2 20 96 32 39 44 1
4127719060 119 31 92 54 109 88 87 58 22 18 1
4126604520 119 71 67 52 26 86 91 20 72 34 0
4126157184 20 5 69 22 48 86 88 96 46 109 1
4126076169 7 27 58 45 67 23 110 36 22 49 0
4125132342 71 58 70 36 12 62 5 104 22 67 0
4125070377 20 70 58 74 67 30 22 114 103 109 1
4124936799 87 70 110 32 73 119 91 78 12 74 0
4124749830 119 88 58 109 46 7 27 45 97 114 1
4123184462 20 27 45 19 12 89 32 36 52 106 1
4122928045 84 119 19 6 74 7 110 17 9 114 0
4121704738 119 32 110 34 42 111 7 19 36 9 1
4119538862 71 112 22 19 63 5 32 45 74 97 1
4119263411 105 14 2 12 19 79 85 36 42 109 0
4117484063 7 27 67 25 42 119 86 58 17 70 1
4117339958 75 101 19 6 17 30 7 22 21 67 0
4116016912 75 88 45 56 82 21 86 77 19 92 1
4115681208 101 7 41 53 56 5 20 42 11 63 1
4115590818 83 110 68 12 17 30 16 59 9 114 1
4112818082 119 5 36 19 22 91 21 70 74 96 1
4112726268 7 22 23 9 67 51 71 40 61 36 0
4112645750 5 6 47 7 98 86 58 27 33 70 0
4111190809 14 22 36 70 63 85 119 2 101 73 1
4110903012 37 121 2 4 93 96 107 79 45 12 1
4110614120 86 7 58 106 12 85 88 108 67 17 0
4107194803 88 119 70 2 73 14 21 58 11 63 1
4106967046 112 14 36 106 114 7 75 63 109 82 1
4106879537 58 42 101 25 93 121 70 20 63 73 0
4106718052 121 7 8 19 114 75 119 45 54 17 0
4105240621 75 65 13 19 12 14 121 70 25 36 0
4104712872 86 121 99 22 109 7 75 63 114 82 1
4103405274 112 45 19 17 12 91 110 9 38 15 1
4103221507 75 14 74 42 63 121 30 2 56 67 1
4101875074 88 86 98 61 114 83 78 112 36 48 0
4101373719 119 14 58 113 12 62 38 121 56 52 1
4098794375 75 62 97 8 17 37 6 9 42 22 1
4098752823 40 121 74 56 9 31 8 33 14 106 1
4098679034 119 88 120 114 73 86 2 14 43 67 0
4098429589 112 88 58 36 61 51 5 23 56 70 1
4098362695 20 119 58 70 19 8 25 7 36 17 1
4129507711 5 121 97 54 114 19 7 110 36 61 1
4129361057 75 21 42 36 109 83 101 2 59 114 1
4129294972 27 88 19 106 36 121 110 70 114 46 1
4129240083 5 7 36 41 61 121 110 104 95 19 0
4129176319 58 87 13 55 106 5 7 63 49 109 0
4129085034 86 121 98 106 109 83 20 63 4 22 1
4127751240 75 36 21 22 77 79 7 78 59 113 1
4127597402 14 85 7 80 109 23 121 58 12 45 0
4127358687 119 75 114 36 81 20 86 65 73 61 1
4126184493 5 110 106 36 41 26 121 63 12 11 1
4125910493 14 4 70 44 79 100 83 19 56 114 0
4125825289 88 110 36 9 109 100 75 47 56 48 0
4124349467 31 121 59 19 109 119 7 70 48 74 1
4124253265 62 22 2 95 17 7 75 88 23 109 1
4124190110 86 83 78 19 70 87 7 98 59 12 1
4123003900 5 7 70 63 46 83 40 119 67 106 1
4122682643 7 110 9 56 17 66 21 40 6 36 1
4122588841 121 86 42 19 73 5 84 36 67 63 0
4122529896 87 21 74 36 70 84 96 27 114 46 1
4122470115 78 119 70 68 73 88 52 61 99 114 0
4121571045 19 37 121 56 106 20 111 9 29 109 1
4121465336 88 121 99 63 22 75 42 62 4 8 0
4120678656 16 75 70 63 73 65 121 19 9 61 0
4120582426 37 112 32 23 56 20 22 63 12 25 0
4119448058 85 5 2 22 44 88 16 9 40 17 1
4118866203 26 7 17 42 114 2 87 22 67 25 1
4118687647 85 45 51 67 56 65 21 6 58 25 1
4115854895 7 85 21 93 43 101 119 58 40 67 0
4115703441 65 119 42 4 12 75 36 26 56 95 1
4115280418 3 21 14 12 4 75 121 114 36 42 0
4115234156 16 101 6 36 46 75 83 2 61 12 0
4115180160 26 119 70 56 17 27 5 4 106 58 1
4115146177 84 14 42 72 73 121 85 49 9 70 1
4114056057 14 5 63 74 8 58 110 7 25 114 1
4113908639 37 110 19 12 70 75 96 121 36 44 0
4113861238 75 85 67 33 36 30 96 83 54 110 1
4113748603 37 42 67 2 39 7 121 54 23 12 1
4113701842 101 45 67 35 70 27 36 121 42 12 1
4113645237 121 100 21 56 106 119 64 42 63 6 0
4112586759 14 119 19 36 70 22 2 75 21 4 0
4112402700 5 62 69 59 36 19 100 112 56 4 1
4112321476 5 121 36 102 106 75 65 101 67 17 1
4112109789 5 42 112 70 82 75 110 29 109 17 1
4112010329 119 51 36 99 70 7 3 58 13 54 0
4110862798 21 79 58 9 73 119 7 96 52 70 0
4110752149 121 26 14 19 67 7 75 12 42 17 1
4110574087 84 112 9 61 67 69 64 14 92 73 0
4110368690 7 75 65 70 109 3 69 63 21 73 1
4110290926 85 119 42 18 61 103 27 48 12 4 1
4110253095 21 110 36 4 81 75 26 67 55 82 1
4109125343 21 9 4 42 19 119 37 69 109 46 0
4130368327 119 27 109 42 22 7 25 33 67 34 1
4130312154 121 19 93 14 74 75 7 63 6 39 1
4130126506 50 42 67 17 119 14 53 70 36 34 1
4130010499 110 100 9 4 113 45 7 8 23 27 1
4129810095 5 22 19 74 70 26 7 2 45 56 1
4129137018 26 7 59 63 109 21 78 27 106 12 1
4128821058 20 107 2 39 56 119 27 42 49 114 0
4127653255 119 64 42 67 106 22 100 58 114 34 0
4127474247 84 119 78 67 61 20 6 86 59 45 1
4126217057 22 119 96 106 12 7 112 93 63 73 1
4126137547 88 111 96 49 54 75 23 19 39 34 1
4126059141 23 111 6 25 36 20 121 99 46 56 1
4125919267 112 70 36 110 73 5 121 19 45 67 1
4125875281 7 121 63 74 67 37 107 19 17 77 0
4125803171 88 110 19 42 25 66 45 63 97 54 0
4124774792 14 88 74 19 4 75 119 44 120 82 1
4124246284 103 5 70 99 59 62 86 19 36 106 1
4122989093 112 51 77 19 59 74 32 40 4 29 1
4122574277 7 5 63 23 67 119 26 113 104 41 1
4121871572 107 104 110 56 46 75 16 91 98 72 1
4121666712 45 121 65 22 67 88 86 70 36 61 0
4121059483 85 103 19 63 39 83 110 106 56 36 0
4119754670 85 26 45 61 67 83 91 21 46 72 0
4114565261 20 119 70 22 67 107 5 63 56 34 0
4109244089 5 7 42 70 73 105 119 19 67 11 1
4104388650 20 121 70 12 106 64 83 97 95 19 1
4099183623 121 64 42 19 63 62 5 58 4 73 1
4099139440 85 84 20 74 63 5 83 78 34 12 0
4098201492 7 88 36 42 13 75 119 74 9 67 0
4098104197 83 74 121 109 21 75 7 22 67 82 0
4097940683 83 75 19 120 74 85 36 119 63 17 1
4097683877 91 37 67 70 42 88 30 19 63 73 1
4097589572 110 119 17 42 67 5 121 19 12 11 0
4096646074 86 75 11 67 70 85 45 7 114 46 0
4094182173 27 83 70 42 74 75 119 19 45 82 1
4093529964 119 31 40 67 25 7 121 78 4 74 0
4093421340 86 83 119 63 4 121 26 19 42 73 1
4093369893 75 119 70 67 4 14 21 19 9 73 1
4083887753 75 112 93 61 19 86 119 70 9 56 1
4081344521 5 66 97 67 106 119 20 19 63 17 1
4080076020 5 74 78 121 70 25 19 119 17 93 1
4079834550 5 7 40 106 4 20 51 119 46 8 1
4079337062 5 42 88 121 17 30 7 58 63 46 1
4079240914 5 119 67 36 46 105 63 121 19 17 1
4074973911 30 119 34 63 67 27 83 36 41 61 0
4057606597 110 9 88 14 39 20 5 15 38 4 1
4057515465 21 27 42 63 82 37 14 7 41 74 1
4054221639 27 86 70 67 22 85 5 19 56 46 1
4128110552 22 110 19 56 73 75 21 53 67 25 1
4124718157 91 88 53 67 4 75 27 49 114 17 1
4124595257 16 121 70 19 67 20 84 58 59 56 1
4117854355 65 7 121 52 63 75 51 74 99 114 0
4117722842 23 110 19 16 113 58 100 103 9 63 0
4116059324 75 7 33 19 12 101 90 42 70 49 1
4115404612 119 85 56 29 11 23 121 22 36 67 0
4114287827 112 7 2 36 44 85 42 45 5 12 1
4114207337 14 58 42 67 23 75 26 70 74 61 0
4114099319 79 110 92 67 13 86 100 36 19 17 1
4112812953 71 7 9 17 63 83 111 45 67 59 0
4112455638 62 85 58 109 52 42 91 121 72 22 0
4111752446 119 19 114 84 56 14 4 70 110 59 0
4111111761 87 121 69 39 48 89 119 74 96 63 1
4110919768 16 85 9 19 46 62 121 114 74 52 1
4110402963 7 101 58 56 63 84 119 9 44 4 1
4110235090 75 112 45 19 95 5 41 110 36 70 0
4110166474 21 112 42 109 46 103 110 114 101 63 0
4109276799 114 121 110 57 25 119 16 69 45 67 1
4106342606 31 85 7 106 25 21 51 14 11 67 1
4106246398 20 85 9 106 67 10 121 48 34 63 1
4106155450 101 20 42 72 19 51 85 36 22 12 0
4104681393 100 87 36 41 73 112 5 22 10 46 1
4104338288 121 5 22 36 70 75 19 27 67 34 1
4103009800 75 23 106 9 39 27 60 58 114 48 1
4102747867 75 23 56 45 17 3 22 42 48 19 1
4102575259 85 97 14 4 17 86 71 74 19 70 1
4098707412 30 42 112 106 25 7 75 119 4 82 0
4098477678 22 69 121 63 82 64 2 103 99 34 0
4096821296 5 103 59 36 63 3 111 21 2 114 1
4096747867 104 7 121 97 45 64 79 42 4 59 0
4096636196 119 107 58 48 22 79 121 74 33 67 0
4090960707 30 121 97 109 56 88 85 106 58 74 1
4088626370 121 79 4 42 22 88 31 19 56 74 1
4088506891 31 91 74 63 54 85 58 77 7 36 0
4082113202 37 121 32 67 113 7 21 70 109 47 1
4081969805 27 86 7 70 114 121 30 58 74 9 0
4081815683 88 79 58 17 67 121 7 74 36 12 1
4079321789 62 119 63 42 11 14 121 106 120 41 1
4079015679 30 121 9 39 12 62 37 42 34 70 0
4073836401 51 86 93 58 17 21 22 113 36 14 1
4069928982 37 52 12 42 61 31 22 7 59 73 0
4063841703 85 14 36 40 17 91 5 7 63 76 1
4062955107 5 85 56 33 106 83 7 70 34 63 1
4058814940 85 75 70 98 82 26 42 20 14 39 1
4058373783 101 26 2 54 70 5 14 42 29 73 0
4058274803 20 14 36 70 12 119 107 53 77 34 1
4058117449 45 87 119 67 23 21 14 42 39 41 0
4129950526 7 19 25 109 23 88 85 2 63 76 1
4129839043 14 68 97 67 106 20 21 29 11 4 1
4129398014 88 9 110 36 70 112 7 56 19 17 1
4129306107 121 87 39 2 41 14 5 97 56 4 0
4129244541 27 40 19 48 17 87 7 70 36 59 0
4127976336 7 2 45 70 25 85 114 27 51 34 0
4127671275 85 59 86 19 113 104 20 110 56 4 0
4127600134 86 83 19 4 36 20 22 88 70 63 0
4127269062 64 110 109 9 73 5 2 22 70 61 1
4126293740 68 45 71 56 17 83 101 106 70 36 1
4126185617 83 112 99 74 4 85 5 19 22 109 1
4126007854 62 114 106 110 10 75 121 14 67 34 0
4125944734 21 36 29 44 7 110 5 41 9 56 0
4124685916 51 101 121 70 45 57 19 36 100 40 1
4124508956 119 22 114 4 99 71 21 25 29 109 1
4124442441 69 45 53 77 11 121 7 52 1 104 0
4124336003 91 84 72 78 11 31 121 99 4 34 0
4123411545 19 22 36 37 9 32 65 121 42 56 0
4123281031 119 64 42 4 61 92 67 5 45 106 0
4123022014 71 45 25 6 104 22 96 17 14 63 0
4122890246 87 110 19 4 56 7 75 59 88 34 1
4122663858 86 77 32 23 11 20 22 6 104 61 1
4122612053 119 79 99 9 106 86 67 70 121 74 1
4122561135 32 37 106 114 99 113 119 26 42 4 1
4121902038 87 88 74 47 41 22 14 61 63 99 1
4121841919 121 40 19 32 4 88 45 5 61 12 0
4121690348 3 88 22 12 106 7 5 36 70 54 0
4121462742 112 119 58 47 6 110 100 45 42 44 0
4121328808 75 33 58 106 67 30 45 42 4 61 0
4119907197 85 88 31 9 73 60 86 70 12 82 1
4119835665 75 19 45 14 61 85 22 58 56 114 0
4119702610 63 64 96 9 11 32 26 42 70 34 1
4118882990 26 14 67 69 106 101 28 92 17 44 0
4118825402 27 100 40 81 61 88 85 39 7 6 1
4118696427 22 64 104 34 67 45 14 12 120 73 1
4116256624 30 105 69 8 25 88 37 19 56 46 0
4116196812 7 86 4 19 99 27 9 51 70 39 1
4112122514 101 22 25 2 67 36 121 100 72 109 1
4112002981 50 9 20 2 10 119 6 70 36 39 0
4111103152 14 119 42 6 17 87 22 63 10 104 0
4111025483 27 2 21 106 56 64 99 121 67 17 0
4110882520 121 70 27 42 61 100 41 58 21 17 1
4097252915 45 83 110 44 74 30 32 9 59 1 1
4095476413 96 37 25 11 41 31 97 71 19 70 0
4095443624 64 99 88 74 12 75 20 21 9 6 1
4095355457 85 37 7 23 70 57 30 98 97 35 1
4095323296 84 14 36 8 11 20 71 78 56 39 0
4094921532 84 119 67 63 82 3 121 4 15 17 0
4093334999 27 9 3 106 8 84 51 121 35 82 1
4093295077 121 86 34 6 42 84 107 95 17 94 0
4091385512 51 121 35 22 47 26 34 37 6 17 1
4091330387 14 75 66 39 67 101 84 43 70 41 0
4091292394 26 68 19 121 10 66 75 51 9 70 0
4091245468 110 59 84 38 73 30 14 36 56 63 0
4091191625 37 45 119 63 34 26 58 7 42 11 1
4091142383 100 58 32 114 40 2 30 74 44 14 1
4091092133 68 121 106 13 22 111 92 42 27 6 0
4090996978 5 20 106 121 70 84 88 14 63 12 1
4090925710 7 19 67 14 106 114 121 15 10 25 1
4089193719 85 26 33 11 42 83 68 96 41 22 0
4089143938 121 104 7 14 63 3 79 110 74 82 1
4089020826 84 121 74 104 35 112 64 106 1 109 0
4088942359 84 57 2 25 44 7 86 56 6 39 0
4129691631 7 92 2 61 109 5 85 40 67 114 1
4125469298 79 32 104 36 67 86 58 121 49 48 1
4123479574 79 96 26 63 113 119 32 70 106 12 0
4122666157 88 75 77 36 52 87 69 7 19 114 1
4122583512 86 64 63 113 10 121 2 5 67 73 0
4122078035 119 64 19 44 17 45 2 70 22 74 1
4121920049 75 12 32 108 52 5 110 106 17 36 1
4115907108 86 85 13 9 73 26 7 36 63 12 1
4115181088 70 32 85 109 49 26 71 19 121 61 0
4115090971 86 67 7 70 95 83 119 19 59 40 0
4115042108 79 65 32 67 22 26 119 19 36 63 1
4112479703 86 112 58 13 67 85 20 7 106 12 0
4112383321 51 121 104 54 17 86 32 58 92 12 0
4112103864 121 112 70 113 61 119 32 110 19 63 1
4111965881 64 83 2 12 17 101 121 70 36 11 1
4111139142 5 14 6 63 17 37 67 59 70 21 1
4093923681 112 14 2 4 61 7 23 119 63 8 1
4093836691 71 5 25 44 1 121 88 36 63 94 1
4093742395 36 14 22 59 56 21 79 57 17 41 0
4093668299 121 110 19 41 74 20 75 9 25 8 0
4093562147 7 86 58 56 61 14 69 22 45 63 1
4093512350 2 63 59 64 114 7 121 69 113 67 0
4093462535 83 26 58 19 6 3 51 67 45 101 0
4085018441 71 110 7 34 67 69 88 19 41 74 1
4084959275 88 70 5 19 17 40 85 21 6 56 0
4084903679 88 119 108 25 56 28 51 5 67 61 0
4077918246 31 14 19 110 9 51 36 119 109 61 0
4061087007 119 30 58 35 48 68 83 36 34 109 1
4061031880 101 62 2 42 61 119 45 97 36 57 1
4060976590 21 30 67 25 38 83 51 74 10 2 0
4060489805 101 69 51 106 35 5 71 6 96 9 0
4060462425 83 5 38 70 12 16 101 42 63 61 0
4060431468 85 32 104 92 61 87 14 19 58 4 0
4060389632 119 64 36 2 109 22 30 65 4 17 0
4060341220 30 101 42 61 41 88 14 97 54 36 1
4060286330 91 87 2 25 44 14 119 15 42 34 0
4060135909 25 58 100 95 67 7 79 56 9 46 0
4060019717 71 75 42 47 48 32 112 25 33 36 0
4059859571 101 79 12 69 106 87 32 58 109 76 0
4059791188 111 94 25 65 56 78 83 45 14 41 0
4059699723 101 88 2 106 93 75 96 14 114 70 0
4059576819 83 51 45 44 36 101 58 79 77 13 1
4059491008 71 68 2 41 9 22 60 87 67 36 1
4059411434 71 37 9 12 98 45 64 67 2 61 1
4059367824 30 14 32 74 70 22 119 36 42 114 0
4059290264 14 5 76 51 12 33 21 42 56 106 0
4058812686 21 23 70 99 17 32 86 9 63 61 0
4058774575 88 32 120 12 34 119 110 11 38 44 0
4127991617 75 110 83 41 114 85 27 45 8 17 1
4113363323 51 21 67 22 63 75 71 36 6 73 0
4112735306 37 62 58 9 67 5 83 42 17 12 1
4112658369 85 75 40 67 25 7 86 70 20 19 1
4112552958 16 58 14 12 22 87 107 74 120 109 1
4112467050 30 119 19 63 113 3 42 14 114 52 0
4112389091 88 27 58 63 46 5 85 21 61 70 1
4112276065 121 69 104 17 4 85 103 63 67 34 0
4112060942 3 5 61 45 48 25 21 7 56 41 0
4105155133 5 27 58 46 67 119 68 74 70 56 1
4087384128 20 75 51 12 9 7 64 95 14 17 0
4087344759 85 88 41 58 11 30 8 62 39 7 1
4087310617 64 20 7 56 11 86 121 13 63 99 1
4087273304 7 5 106 12 17 39 121 23 55 9 1
4086109442 32 40 37 78 10 88 106 119 14 12 1
4086025607 9 84 74 108 8 119 51 33 45 48 0
4085930733 64 121 61 113 46 111 45 58 67 114 1
4085844840 27 83 121 10 106 75 119 41 36 23 0
4058858459 85 58 4 19 82 14 27 63 120 106 1
4025813987 86 52 20 42 61 83 101 92 63 17 1
4025695359 16 101 2 114 25 86 23 100 106 35 0
4017625536 51 75 26 114 106 31 16 21 4 39 1
4017544073 42 41 40 64 39 26 70 14 59 10 0
3963415995 119 50 114 6 25 87 91 69 63 9 0
3963345086 119 91 96 49 25 12 60 84 9 98 1
3955612556 87 51 103 4 9 86 62 69 74 54 0
3955227625 50 16 21 9 104 91 51 78 61 11 0
3952638862 32 52 28 54 74 107 3 69 39 4 0
3952580100 30 102 92 4 77 101 21 13 80 46 1
3951546726 87 22 96 49 109 119 86 69 61 8 0
3951497103 37 38 21 22 12 100 66 60 104 106 1
3951386704 14 119 21 34 93 101 69 39 38 48 0
3951273301 20 21 9 38 114 45 14 58 39 12 1
3951232793 69 3 21 43 93 37 26 2 114 17 0
3950924180 62 86 2 106 9 66 71 69 48 0
3950197523 60 31 114 52 99 3 16 29 8 39 1
3949996139 101 27 69 72 12 96 64 100 92 44 0
3949909359 20 101 60 93 77 112 26 38 48 9 0
3949811140 3 51 29 48 61 119 103 60 106 8 1
3948657513 60 37 62 9 67 101 58 104 77 13 0
3948577839 119 2 89 39 4 62 37 55 43 8 1
3948507497 83 66 60 114 25 20 52 2 59 49 1
3948380860 119 22 21 67 69 37 20 120 17 8 0
3948275365 26 7 93 69 61 87 14 38 23 54 1
3948152509 60 119 65 9 12 100 3 36 38 114 1
3947687748 119 92 16 61 8 30 88 60 11 73 0
3947083394 86 60 23 42 106 21 64 38 74 93 0
3947003102 84 26 101 106 46 71 66 29 4 9 0
3946942662 27 119 102 39 41 16 64 89 43 10 1
3946513218 72 101 92 85 77 103 111 21 61 114 1
3946361086 119 62 74 114 104 3 9 65 41 34 0
3946249752 3 22 78 41 39 51 79 89 11 12 1
3946160141 87 60 49 4 41 3 21 45 114 74 1
3946067273 60 51 92 52 41 21 119 69 39 12 0
3945995931 100 78 9 92 113 62 16 101 10 4 1
3945919320 37 2 8 61 9 69 64 89 41 11 1
3945063042 51 64 41 60 11 89 27 49 92 4 1
3944959918 87 104 93 22 92 101 5 77 46 106 0
3944872709 88 101 2 67 36 87 41 69 49 32 1
3944768018 84 36 47 29 21 119 23 38 4 52 0
3944652799 4 52 16 43 38 88 92 69 77 106 1
3944556498 104 23 91 4 35 87 60 52 9 41 0
3940779925 87 83 47 48 38 100 21 4 69 93 0
3940720424 119 91 69 21 61 62 30 12 78 47 0
3940659842 91 86 104 15 39 89 3 38 4 11 1
3940607878 27 119 56 38 106 26 101 16 4 104 1
3940394805 3 101 84 46 95 14 2 119 72 106 1
4117553154 21 79 96 67 17 58 121 42 6 52 1
4117366968 21 42 121 36 114 20 51 58 63 73 1
4049341451 85 78 52 41 39 21 31 2 25 114 0
4032409946 88 75 108 114 25 21 45 2 4 46 1
4032306140 14 66 9 67 13 79 21 2 56 22 1
4030690670 26 42 67 110 22 75 86 2 34 16 1
4030616673 51 119 15 22 114 62 79 48 78 82 1
4030505630 22 53 41 26 74 9 88 96 11 44 0
4030424866 68 100 93 11 101 31 98 14 36 22 1
4030333460 26 108 81 67 17 84 21 8 61 14 1
3999757932 27 22 4 77 70 14 62 19 41 39 1
3999704215 89 119 77 104 58 5 16 98 74 9 1
3999671538 101 16 70 114 34 62 21 27 12 74 1
3998017158 101 37 56 69 114 73 29 36 22 4 1
3972202555 31 64 76 108 48 36 27 106 14 8 0
3972140717 85 45 9 77 74 30 103 108 67 36 0
3972030110 7 20 69 106 93 101 34 62 108 104 0
3971941331 27 86 69 11 114 88 25 66 93 106 0
3970149047 90 100 76 57 12 30 14 32 106 59 0
3970071736 87 14 9 41 4 50 61 51 98 44 1
3970002092 75 43 108 76 62 110 86 69 114 47 1
3969934776 10 7 78 8 114 37 26 104 4 93 1
3966350828 112 69 110 44 76 41 74 107 20 52 1
3966294762 88 20 14 74 8 30 86 81 69 106 1
3966231050 75 60 22 41 11 42 47 5 106 12 1
3966189247 64 100 88 109 9 22 75 41 76 120 1
3966149473 103 71 11 108 114 119 20 16 101 12 1
3964788925 20 4 32 120 25 37 101 69 47 95 1
3964741968 87 21 102 92 52 51 5 16 41 9 0
3964640943 27 101 69 21 48 87 15 16 106 114 1
3964467050 102 16 119 44 46 23 32 108 25 114 0
3963179312 26 9 41 16 74 91 97 22 95 1 1
3963042671 31 14 102 10 11 107 5 22 74 106 1
3962983491 20 103 100 22 49 40 33 88 106 67 1
3962906544 50 14 16 8 52 112 90 10 41 35 1
3962750129 68 30 99 106 48 2 9 22 113 69 0
3961810524 26 119 98 13 72 101 7 21 114 61 1
3961678528 21 51 22 11 67 85 119 29 94 39 1
3961588836 33 101 16 41 25 20 106 38 9 61 0
3961381915 62 99 111 59 13 30 5 34 48 70 0
3961247533 26 38 7 67 74 45 53 2 12 35 0
3961187727 86 71 38 39 4 30 21 8 14 9 0
3961128155 88 14 20 48 81 22 45 67 99 59 0
3824057377 21 29 14 41 52 27 114 32 76 99 1
3824008404 3 60 19 49 45 14 16 57 41 76 0
3822519488 30 114 119 22 23 69 101 100 4 11 1
3822444196 73 30 60 76 109 27 59 57 19 92 1
4130041863 32 75 29 77 17 112 22 2 12 19 0
4128264349 86 62 19 35 41 5 22 47 63 109 1
4128199685 64 47 14 58 109 5 85 70 56 39 1
4128120325 51 121 33 39 44 86 70 79 45 109 1
4128058003 119 27 32 70 13 83 20 36 63 46 1
4127964563 3 120 14 25 109 85 121 19 106 73 1
4127594452 69 86 36 4 12 64 121 56 49 61 0
4127389350 88 3 19 74 99 83 64 34 63 77 1
4127331762 78 79 7 19 42 88 31 67 36 63 1
4126615534 22 37 19 67 61 85 119 42 109 4 1
4126563638 7 90 45 73 17 121 40 19 70 114 0
4126433846 75 71 58 19 67 85 83 12 23 94 0
4126269702 101 51 9 36 54 110 83 42 67 11 0
4125943642 119 58 14 17 109 87 75 106 41 42 1
4125852944 112 103 114 19 11 79 2 45 12 52 1
4125283176 7 5 67 11 36 87 21 56 25 70 1
4125239204 30 110 45 41 36 27 70 59 88 18 1
4125161934 14 108 33 41 73 119 42 27 98 67 0
4125009705 119 2 112 56 36 75 121 23 109 16 1
4124924071 65 51 26 9 67 110 36 54 17 14 1
4124676591 51 5 53 44 19 7 110 58 70 34 0
4123708490 37 121 12 96 61 32 7 97 106 109 0
4123641297 16 75 114 106 42 26 7 69 12 11 0
4123599474 26 14 2 44 74 30 7 54 19 63 0
4123207873 7 37 58 67 52 14 59 119 45 12 1
4123128191 31 32 108 48 82 75 45 58 12 46 1
4123055813 83 7 19 32 11 27 14 110 76 6 0
4122971067 40 29 121 56 19 101 75 42 106 109 0
4121979656 14 112 63 99 17 86 83 45 70 77 1
4121851141 83 45 69 19 77 51 75 58 113 25 1
4121778059 75 14 77 19 49 110 86 114 120 17 1
4121683867 37 86 36 109 59 28 56 119 63 106 0
4121136192 87 119 48 96 101 32 5 108 19 17 0
4120018874 83 119 4 39 114 103 37 38 67 11 0
4119949235 7 64 58 25 67 27 83 36 49 54 1
4119868518 86 14 9 70 113 84 88 58 114 46 0
4119696940 20 21 2 45 41 75 88 121 36 4 1
4118819565 75 58 2 114 61 5 112 99 7 36 0
4118725943 85 7 45 73 9 66 86 2 56 106 0
4118550628 75 7 19 56 73 121 110 58 67 61 1
4117711983 88 21 33 54 17 51 26 7 114 67 1
4117587800 112 19 5 72 44 75 121 59 58 67 0
4117518337 51 68 52 67 19 88 40 58 70 36 0
4117243530 22 91 19 49 106 75 30 74 63 109 0
4115504886 85 100 67 45 106 23 79 109 63 73 1
4115433171 88 110 63 67 36 32 45 121 54 106 1
4115381198 79 85 2 67 23 7 45 70 61 12 1
4115308005 20 14 70 9 23 3 45 7 67 61 0
4114353651 87 14 36 13 39 83 45 12 63 23 1
4112866007 121 2 25 74 12 119 14 78 67 11 0
4129774895 85 88 23 67 46 27 22 36 78 109 0
4129301783 107 111 36 13 81 121 88 120 106 67 0
4129225163 121 27 106 61 4 26 119 99 9 17 0
4128843961 88 3 70 36 106 5 119 65 63 17 1
4128032305 14 121 42 63 4 85 3 19 58 73 1
4127914929 88 121 7 12 61 26 40 19 4 42 1
4127714977 85 121 44 59 63 5 2 22 17 41 0
4127398055 85 119 114 63 52 26 88 58 12 17 0
4127165061 3 7 78 44 61 88 97 64 74 106 1
4126329374 85 87 45 17 12 79 51 21 114 74 1
4126233295 119 7 42 109 106 26 110 78 61 77 1
4126156033 79 5 36 67 114 110 75 77 58 61 0
4126102394 85 121 58 114 47 88 3 19 63 9 1
4126037957 14 40 4 67 94 45 83 42 22 109 1
4125791078 110 119 63 36 46 84 70 86 6 17 1
4125737058 32 37 54 19 39 112 67 110 33 61 0
4125689678 40 7 22 4 70 83 16 90 25 63 1
4124879216 86 121 104 17 109 27 7 2 19 63 1
4124790141 121 20 70 36 17 26 96 53 45 114 1
4124620715 85 92 70 109 25 31 119 42 19 12 1
4124411370 5 88 9 70 73 87 7 19 63 12 1
4124290897 86 26 2 109 23 75 71 67 36 61 1
4124255706 27 52 42 113 63 7 121 13 106 12 0
4124068059 86 22 70 65 36 26 27 58 9 73 0
4123995651 83 74 42 99 114 37 7 19 63 36 1
4123164458 75 45 41 70 2 20 112 63 22 73 1
4122975840 45 85 97 106 57 119 7 9 41 34 0
4122566017 51 68 21 99 73 85 111 59 74 36 0
4122480316 75 7 44 120 34 121 22 19 2 109 1
4121427791 121 19 7 56 4 119 14 65 70 17 1
4121295051 28 85 36 4 2 7 5 63 59 40 0
4120853347 85 51 121 67 73 87 119 19 63 4 0
4120721466 119 75 104 58 72 80 18 5 44 61 0
4120550058 31 84 4 42 72 7 3 22 106 61 1
4117499256 68 7 59 36 41 26 29 22 74 42 1
4117383051 30 29 16 17 6 58 68 32 22 104 1
4117213429 119 104 74 121 12 112 21 42 34 67 0
4116756767 121 7 12 25 42 26 22 58 19 67 1
4115885992 40 100 121 63 49 20 45 14 36 22 1
4115804121 121 22 70 67 23 5 85 45 44 52 0
4115728572 75 100 67 23 58 26 121 104 12 61 1
4129965127 75 7 14 63 61 85 91 72 58 73 1
4129624636 27 19 70 34 63 30 110 36 61 12 1
4129478837 23 119 9 21 48 5 14 96 67 25 0
4129360770 87 120 21 41 95 59 14 27 19 114 0
4129110941 119 64 61 63 114 20 121 104 56 73 0
4127793238 3 7 58 4 114 121 110 45 120 73 0
4125254730 23 119 56 58 4 88 121 36 77 61 1
4125202621 7 83 22 12 61 31 52 19 42 73 1
4124888562 75 83 51 12 49 119 64 63 74 67 1
4118064696 75 58 37 12 17 30 119 42 73 114 0
4117664763 14 85 34 69 6 83 84 58 4 106 1
4117568453 83 21 63 54 17 88 45 64 19 109 0
4116330939 36 23 119 4 73 75 110 2 12 17 0
4116252014 7 75 96 11 12 71 121 58 63 73 0
4114671738 64 7 104 41 17 101 121 63 4 73 1
4114605392 19 112 120 17 9 119 14 114 36 63 0
4114363762 5 121 45 22 12 64 119 96 56 106 0
4114221317 91 14 114 19 52 20 7 112 17 63 1
4114088740 85 101 36 42 73 58 79 19 10 12 0
4113916377 62 7 5 12 17 86 110 57 56 73 1
4113856541 7 121 58 42 106 75 26 19 114 23 1
4113582388 14 121 70 74 54 88 3 9 120 19 0
4112957969 119 112 42 67 114 5 88 85 63 73 0
4112897229 65 112 88 12 17 111 119 7 114 52 1
4111812588 47 53 4 14 67 119 88 28 70 73 0
4111380792 79 62 52 9 4 37 58 14 41 56 0
4111274981 85 75 25 45 44 5 100 77 21 46 0
4110973942 91 8 72 101 61 20 119 103 114 46 0
4110816858 37 51 7 67 19 58 5 32 4 98 0
4106902647 84 112 58 4 22 121 21 9 2 59 1
4106785807 84 37 59 63 12 110 83 78 22 4 0
4106612196 26 121 2 74 89 110 7 70 52 46 0
4105703808 64 101 70 17 63 5 58 121 19 73 0
4105604436 83 112 72 120 25 30 96 14 52 56 0
4105411486 3 88 19 12 73 75 104 36 21 82 1
4105296569 37 119 67 2 74 64 121 36 45 17 1
4105182690 83 2 52 114 63 58 5 110 81 73 1
4103813468 7 27 119 4 12 20 75 74 70 63 0
4103360664 79 112 6 9 21 75 65 119 19 67 0
4103134775 37 88 63 70 73 75 58 7 36 12 1
4103038890 26 121 98 49 44 81 68 14 58 17 1
4102964722 31 107 40 36 73 7 119 42 63 114 0
4102095851 27 121 2 54 106 75 7 9 19 74 0
4101019051 86 7 4 104 109 85 5 70 45 73 1
4100873738 75 51 70 45 46 85 37 92 36 54 1
4100261716 14 121 78 54 23 20 26 40 95 67 0
4099959345 64 62 9 106 36 121 27 42 61 63 0
4099377919 27 75 2 67 36 64 88 59 63 4 1
4099338096 121 75 56 22 63 50 107 4 42 74 1
4098435534 79 7 21 114 46 26 88 36 44 49 0
4098341411 87 7 58 36 99 51 119 2 25 63 1
4098261743 119 58 4 81 52 83 3 36 12 76 1
4096655563 75 51 19 58 73 7 119 4 112 6 1
4095757679 7 75 22 9 4 85 121 36 114 73 0
4095703224 101 79 70 63 61 19 86 121 56 4 0
4091809704 75 47 67 119 102 65 121 39 59 58 0
4090486380 121 75 58 36 114 26 70 45 67 22 0
4090398349 27 121 19 56 73 86 114 39 63 67 1
4089631011 87 119 70 36 17 7 45 111 67 74 0
4088729195 119 5 113 63 73 42 75 106 7 19 1
4088384428 27 86 58 59 4 121 53 69 40 56 0
4048793559 30 85 70 65 46 75 51 69 63 17 0
4129567844 64 27 108 23 12 119 100 41 63 97 0
4128712566 87 31 63 41 73 119 27 42 67 17 0
4127899291 85 75 106 9 74 87 110 23 63 36 1
4127701515 87 14 52 42 46 20 110 19 61 63 1
4126684954 7 5 104 36 73 75 86 22 4 67 0
4126484364 112 86 104 36 109 75 119 45 12 106 0
4126407762 62 75 56 99 114 121 65 83 22 73 0
4126231934 78 14 121 114 17 85 32 58 45 48 0
4126163829 86 97 31 19 44 119 14 63 2 49 1
4126025368 112 19 119 44 34 51 29 121 109 17 1
4125569231 119 37 99 67 22 75 100 8 97 36 0
4125013137 100 75 12 19 74 5 21 78 106 63 0
4124893822 88 31 21 25 114 32 86 58 74 95 1
4124006103 14 53 39 74 12 21 86 120 70 73 0
4123416972 85 7 20 65 73 31 83 63 9 109 0
4123351855 20 112 109 78 36 27 83 67 45 19 1
4123120808 86 5 7 44 106 112 27 74 12 70 1
4122976090 22 14 54 9 74 121 31 42 106 19 1
4120916619 75 7 97 1 19 64 85 45 106 114 0
4119740570 91 7 70 59 106 88 119 121 41 74 1
4119643075 20 7 9 74 63 83 85 110 49 73 0
4118915256 65 63 7 109 73 26 83 20 12 36 1
4117780149 86 27 114 33 36 32 14 58 39 77 1
4117698582 14 119 10 19 59 85 26 112 67 36 0
4115274278 20 29 112 6 17 83 88 77 25 42 1
4112067790 121 45 42 61 67 3 74 88 19 36 1
4112012393 83 121 2 70 46 75 88 40 97 74 0
4111236018 28 121 22 63 109 3 42 32 61 17 0
4111171514 85 87 16 39 36 5 45 9 42 63 1
4105332807 121 89 19 67 73 75 88 9 11 109 1
4103478105 31 33 88 25 114 121 21 7 19 56 0
4099213947 75 71 78 63 73 112 14 42 56 109 1
4098580155 83 27 47 19 12 7 79 20 63 22 0
4098472476 85 75 74 36 67 110 121 70 19 63 1
4090654591 121 45 70 19 63 64 58 106 7 61 1
4090449287 31 7 108 4 21 58 75 114 9 61 1
4088506287 5 86 114 74 99 20 32 19 63 73 0
4086964450 50 32 112 45 63 121 40 14 59 4 1
4086899424 64 19 62 1 17 26 32 114 22 93 1
4086817203 121 71 19 22 17 62 111 99 54 42 1
4086400257 37 55 71 77 67 121 16 56 70 17 1
4086088689 3 101 70 40 73 83 112 19 9 17 1
4086006205 3 47 17 42 19 20 7 67 33 61 0
4085917855 83 71 4 19 63 75 42 58 74 67 0
4084614938 66 42 119 36 82 5 121 19 63 73 0
4084318726 121 40 6 36 25 75 71 7 17 46 0
4084194993 119 70 55 67 61 20 83 17 69 12 1
4083961859 7 119 42 17 109 100 75 40 41 73 0
4083815000 53 96 97 93 46 121 119 19 67 82 0
4129498586 85 110 19 34 6 37 101 96 70 22 1
4129374531 66 27 19 54 73 65 112 58 61 63 0
4129281334 66 14 36 19 73 88 32 5 109 70 1
4127891233 83 5 77 63 73 75 119 58 6 114 1
4127822594 66 88 25 32 12 70 64 77 63 9 1
4124676816 85 38 121 22 63 83 89 36 19 12 0
4124036935 85 58 64 77 106 30 88 42 63 52 0
4122917744 119 88 104 67 76 23 3 45 70 106 0
4122451127 83 89 36 6 73 88 110 42 65 17 1
4121651333 11 63 88 23 59 26 119 7 74 4 0
4121516725 23 75 12 59 11 5 14 106 67 63 0
4121421045 85 19 114 92 73 121 88 21 109 34 1
4121318055 51 63 2 58 109 119 110 78 44 61 0
4121217699 40 7 119 101 12 88 110 56 70 73 0
4121005882 3 14 42 74 114 31 21 19 56 4 1
4120705119 72 22 7 61 63 31 71 20 56 36 0
4119822049 111 62 59 41 67 119 32 63 21 70 0
4119048488 84 2 21 63 73 121 110 45 61 109 1
4118499364 85 91 63 6 9 110 107 45 4 61 0
4117765129 71 27 36 19 73 88 121 58 63 17 0
4116973486 85 31 98 104 82 83 75 45 12 52 0
4116617827 53 121 120 63 76 85 112 96 36 4 0
4115870207 20 83 21 109 63 87 85 36 106 12 1
4114511022 14 110 36 34 114 30 79 12 17 70 0
4114317974 88 58 66 109 17 121 79 106 70 56 1
4114170394 88 83 106 114 36 79 119 45 4 59 0
4113348524 85 7 33 39 41 79 20 101 36 63 0
4112677183 86 88 27 70 74 51 31 19 63 76 1
4111030196 85 64 36 59 63 37 42 52 67 17 0
4110695135 27 121 114 49 61 5 119 19 67 63 0
4110620062 5 40 67 34 110 84 114 22 70 74 0
4110555783 27 36 121 19 109 20 7 14 106 12 1
4110493473 21 36 42 27 56 7 49 121 25 63 1
4110418666 30 7 67 46 2 119 22 41 58 73 0
4110238822 64 121 104 93 74 75 21 29 70 12 1
4109764387 112 121 63 82 8 27 19 14 109 106 0
4109545462 7 121 70 36 19 85 58 88 39 67 1
4109493282 75 101 104 67 19 7 27 56 36 33 1
4107428524 85 7 42 4 67 75 121 2 19 54 1
4107115842 75 52 2 61 109 84 7 121 58 67 1
4106967155 51 5 65 110 32 7 121 9 6 17 1
4104279097 7 75 67 36 59 5 85 39 19 73 1
4103652338 65 20 112 48 82 7 68 58 25 109 0
4103558276 70 121 86 42 17 14 5 58 106 114 1
4099532968 3 22 19 36 12 58 7 6 119 73 1
4099413965 37 2 5 76 48 112 121 108 114 19 1
4099346656 85 111 67 58 17 21 27 70 36 19 0
4117600217 16 92 119 74 41 103 21 63 67 46 0
4115831230 75 7 58 17 12 51 37 112 114 56 0
4113522660 37 5 114 78 4 119 42 23 14 12 1
4112728447 83 14 7 45 4 85 65 12 21 110 1
4112654162 83 91 14 106 72 5 39 7 67 21 1
4110868239 20 75 74 70 36 79 85 42 46 67 0
4110736430 103 85 69 17 63 64 62 58 9 67 0
4108486276 119 36 21 70 61 86 62 42 25 114 0
4106142050 20 112 88 67 73 21 119 77 58 74 0
4105225109 71 121 14 74 63 85 27 19 77 22 0
4104961622 83 20 95 121 82 87 14 19 56 74 0
4104717424 22 86 58 19 74 50 88 121 59 10 0
4104617448 36 119 37 70 9 14 26 33 106 59 1
4104276080 58 119 22 7 113 30 70 36 4 61 0
4103377321 75 119 28 19 77 30 84 8 74 32 1
4094061782 86 121 108 19 106 9 21 2 6 67 0
4088346051 112 58 32 12 22 5 88 121 49 114 0
4063832297 53 86 70 19 63 31 3 14 45 67 0
4058498576 14 119 110 99 59 5 75 19 12 52 0
4057527543 83 107 36 70 52 112 58 119 45 12 1
4045103625 83 105 58 74 106 110 78 14 44 61 0
4045002333 119 112 9 46 10 5 14 19 113 4 1
4044869328 84 14 75 12 36 83 30 45 21 56 1
4037037009 30 110 14 74 67 37 32 104 39 8 1
4036943381 5 32 19 74 8 79 7 96 54 11 0
4026409424 5 60 19 61 9 45 32 52 49 81 0
4025742283 51 20 96 4 10 119 52 12 47 75 1
4022517354 26 101 69 23 61 88 32 119 77 82 1
4022390203 100 27 2 106 70 111 42 58 17 12 1
4021516470 119 5 44 9 49 83 14 88 12 61 0
4018486769 79 22 103 59 44 51 5 56 32 46 1
4015641730 37 69 119 93 17 20 86 42 12 45 1
4015586314 79 96 32 77 4 71 21 88 22 114 1
4015495348 22 42 47 69 32 88 37 71 39 44 1
4015371565 30 70 79 59 42 3 45 106 14 25 0
4013667519 32 22 104 109 106 14 110 71 59 8 1
4013293037 27 22 104 25 109 91 100 42 17 48 0
4013208237 79 91 41 106 99 51 27 17 29 89 1
4012981705 5 92 59 102 32 65 14 4 49 21 1
4012381097 26 110 120 4 46 60 14 22 36 56 0
4012229998 65 14 56 13 22 27 2 119 17 77 0
4012112018 119 68 86 114 106 14 112 21 36 4 1
4011382153 31 60 36 59 93 86 119 21 56 13 1
4010712403 79 101 88 63 73 66 83 20 106 77 1
4010628649 75 14 70 2 4 16 3 21 36 48 1
4009150277 2 79 7 32 12 101 107 23 20 78 1
4009072524 5 14 74 46 109 75 40 99 9 114 1
4008999485 64 99 21 36 73 108 92 14 53 10 1
4007195304 27 21 38 114 19 26 60 7 119 10 1
4004806160 119 27 69 34 17 114 21 4 64 73 1
4003643340 31 28 70 39 92 103 37 45 56 11 1
4003558099 64 8 38 74 32 87 101 104 41 22 0
4000393016 119 88 9 52 93 14 89 69 49 17 1
3999605473 89 101 114 69 56 37 104 119 59 70 0
4128022979 114 58 2 64 22 85 119 74 97 12 0
4126360028 106 19 100 119 59 112 110 108 67 22 1
4126210637 110 83 28 63 22 16 119 104 19 109 1
4115037982 7 75 36 67 17 27 119 120 56 94 0
4114323441 79 121 7 45 12 22 20 36 63 67 0
4114244362 26 7 74 32 12 86 79 19 63 99 0
4112110800 119 121 44 22 104 83 75 9 12 25 1
4112053146 5 19 36 22 46 68 20 97 17 67 0
4111941978 27 87 22 95 63 37 119 58 46 114 0
4111875310 83 36 21 74 77 101 42 112 67 25 1
4111823132 7 91 45 74 72 119 111 21 59 63 1
4092341321 50 121 9 56 19 14 101 88 42 73 1
4092213569 7 112 63 59 65 86 62 70 74 4 0
4090824340 75 86 19 17 114 88 87 119 74 48 0
4090455153 107 110 17 104 44 64 32 20 114 12 1
4090385801 3 5 8 9 17 7 40 72 121 61 1
4090148436 119 45 25 67 12 75 42 58 54 17 1
4090069096 75 100 19 114 59 7 121 9 93 36 0
4087871209 119 42 17 67 58 86 40 2 59 63 0
4086620693 58 26 110 67 73 27 119 65 70 61 0
4086308452 75 19 7 17 8 88 112 119 70 73 0
4086178551 119 85 36 41 23 7 20 104 22 70 0
4086070538 64 78 110 18 109 119 42 14 56 36 1
4084289759 30 65 121 67 17 20 14 9 36 104 1
4084184370 30 103 58 45 67 121 119 93 56 19 1
4058266345 5 51 42 106 63 3 28 119 48 46 0
4058178227 66 5 19 34 67 14 111 33 104 59 1
4056504867 87 7 56 36 73 21 32 22 67 13 0
4056435052 3 86 58 36 82 112 9 42 23 114 1
4056058385 14 111 42 106 19 45 22 63 104 4 1
4055995989 20 77 40 14 114 101 103 2 58 25 0
4055900308 14 104 110 76 54 101 37 42 45 10 1
4055819798 75 119 65 54 94 83 110 59 120 36 0
4054984761 71 52 9 4 73 88 110 77 22 17 0
4054909525 71 68 4 41 44 19 62 105 59 36 1
4054721061 5 32 23 40 93 86 42 14 8 61 1
4054298226 85 27 65 12 94 111 101 54 19 25 1
4052810656 85 20 36 49 76 51 5 7 77 11 1
4047515728 79 119 61 54 13 87 103 44 19 114 1
4044221245 85 119 42 93 61 101 83 9 99 98 1
4044125671 83 37 57 56 61 5 78 14 20 114 1
4042447612 64 90 49 104 114 30 69 32 77 34 0
4042313565 83 64 58 41 11 119 86 42 61 40 0
4041176478 111 103 120 39 114 119 83 36 74 44 1
4039749463 85 119 120 6 61 21 14 45 10 114 1
4038432527 79 14 13 104 12 62 51 9 4 34 0
4038349498 37 42 119 56 4 83 5 38 39 12 1
4038247959 112 21 60 61 114 75 7 120 19 67 1
4038165167 5 30 38 114 17 51 9 22 48 94 0
4036820082 111 85 4 76 39 26 70 78 46 14 1
4034902404 21 110 58 41 59 51 47 119 120 63 1
4034801051 65 14 37 4 22 51 19 36 110 63 0
4034648355 32 119 120 34 10 3 51 4 42 39 1
4034117240 101 86 120 9 93 26 14 41 16 73 0
4033165867 20 51 119 12 25 75 103 42 41 56 0
4015540407 119 89 96 10 25 79 104 5 9 67 1
4015437894 5 63 45 7 17 79 85 86 41 42 0
4129588381 22 32 36 120 44 121 14 58 17 63 1
4129487784 45 19 14 11 63 119 121 83 23 109 0
4129375381 7 110 97 41 22 26 70 36 100 19 1
4122940645 25 74 85 11 120 21 19 84 12 17 0
4122842566 7 91 45 72 17 31 88 22 70 74 0
4117508300 121 71 32 67 46 75 85 106 40 63 1
4117418124 107 110 13 19 44 85 100 58 22 95 1
4116053775 3 22 19 23 7 83 78 121 32 36 1
4112803044 3 119 74 29 109 75 101 45 120 67 1
4111876870 79 14 36 9 48 119 112 19 34 56 1
4101578070 20 40 36 114 63 83 75 9 42 17 1
4100154232 5 119 39 63 9 7 121 12 75 58 0
4100066632 121 114 104 59 88 21 26 95 63 67 1
4099989709 26 16 58 4 52 107 120 99 36 56 1
4099892206 50 7 45 17 67 85 119 41 4 42 0
4099809570 26 84 36 70 120 37 68 42 9 46 0
4097858329 103 119 23 19 82 32 121 58 59 70 0
4092410262 27 84 38 36 44 32 110 19 61 82 1
4092303545 51 57 27 61 114 37 119 74 58 67 0
4090726384 3 100 6 39 36 87 119 45 72 61 0
4090607003 3 14 114 61 70 51 112 109 23 9 0
4088799916 14 88 37 67 21 51 121 9 36 73 0
4088685710 83 5 45 12 9 75 7 42 36 106 1
4088599422 5 91 78 114 56 110 88 42 19 13 1
4087864261 7 2 74 68 63 85 20 101 51 109 1
4087789667 58 84 104 4 67 30 120 7 113 106 1
4086611671 7 75 63 9 17 62 5 96 67 22 0
4086440558 119 14 97 19 109 7 110 36 98 63 0
4086301840 121 21 36 70 22 119 58 27 25 9 0
4086175931 68 119 21 44 22 101 75 45 4 120 1
4084483281 75 119 74 114 63 3 21 70 83 73 0
4084104809 75 14 7 10 25 121 103 9 44 82 0
4082291892 26 36 93 14 74 64 75 96 11 67 1
4082176022 75 67 120 121 36 20 19 32 17 93 1
4056639126 5 71 8 65 74 101 26 43 54 29 1
4056247660 58 51 7 106 48 29 52 119 49 11 1
4052809857 37 101 72 42 49 85 30 119 108 9 0
4052682077 101 110 104 42 61 75 90 40 106 12 0
4052562860 28 85 101 106 61 5 33 86 6 17 1
4129336846 40 27 42 67 34 58 112 108 114 17 1
4129242258 31 84 76 69 70 14 75 97 44 11 1
4129142852 50 88 55 67 17 119 45 114 36 106 1
4129089666 119 114 21 67 104 71 121 65 70 106 0
4129023755 85 86 74 29 67 119 7 23 41 17 0
4128970281 22 121 2 25 48 88 85 17 42 56 0
4128914009 100 2 74 5 109 79 110 120 114 56 1
4128862409 7 83 22 49 12 121 100 114 70 44 1
4128813548 71 97 121 11 109 21 27 36 77 49 1
4123319242 26 64 77 19 46 119 112 2 70 73 0
4123094187 62 110 104 70 106 121 85 21 6 9 1
4118987844 83 9 30 63 47 112 21 19 2 4 0
4118778373 75 7 36 70 17 85 78 68 74 12 0
4118698314 59 21 20 108 6 30 78 45 106 36 0
4118616782 22 121 4 42 73 64 58 7 67 17 0
4118560580 88 75 58 4 63 121 14 101 106 77 1
4118500491 85 20 36 49 74 75 42 21 67 45 1
4117614498 121 7 64 40 114 5 70 2 22 39 0
4117418705 85 27 55 4 25 86 7 63 70 82 1
4117067781 7 119 70 47 2 88 86 25 63 67 1
4116963683 121 58 75 42 106 83 36 119 22 56 1
4116819013 5 7 57 48 17 121 22 67 41 59 0
4115829407 27 70 2 22 61 85 9 40 42 73 1
4115635829 85 58 27 41 17 45 68 74 2 61 1
4115550130 51 5 45 36 56 79 103 121 67 17 1
4115465705 3 74 9 19 62 86 7 63 4 67 0
4115349270 14 22 36 19 106 88 27 69 114 70 0
4115253062 85 42 45 52 1 101 58 106 110 70 1
4115183804 32 40 36 106 12 22 70 58 14 11 1
4114203381 22 21 104 74 10 83 100 63 19 106 1
4113934648 37 14 74 114 98 30 22 9 12 73 0
4113807766 50 42 121 67 73 101 9 18 47 114 1
4113708972 26 101 58 44 11 32 14 106 45 94 0
4112458877 27 121 36 67 13 26 7 45 96 114 0
4112104519 7 119 58 17 4 103 110 120 22 114 1
4110642114 103 87 88 52 67 26 62 44 110 106 1
4110500580 62 110 19 106 49 14 119 76 42 63 0
4110432803 121 20 21 6 11 51 7 22 34 67 0
4110364306 14 63 27 19 11 51 25 101 106 70 1
4110311230 101 26 100 48 9 27 60 38 36 46 0
4110251255 60 119 14 54 4 62 7 70 49 9 0
4110196122 101 51 119 41 17 7 75 5 114 106 1
4108917590 68 20 29 6 39 21 75 76 104 67 1
4108611228 112 121 42 106 56 3 119 59 67 9 1
4108200403 5 103 67 38 106 75 89 69 48 52 1
4106726789 86 7 2 12 73 119 21 16 67 106 1
4106537276 21 27 19 41 46 79 32 100 74 54 0
4106438348 75 45 42 52 8 83 121 21 9 12 1
4105206338 65 121 8 33 73 119 103 45 67 17 0
4104955149 121 85 99 52 67 7 83 54 42 94 0
4104811889 3 121 56 108 35 85 88 9 34 109 0
4104737897 85 58 121 17 48 84 51 119 109 36 1
4104642358 20 2 106 45 63 86 27 96 56 76 1
4104539842 45 7 107 56 36 75 27 96 70 34 1
4104436158 62 75 21 54 114 58 105 67 56 61 0
4103490120 3 91 49 106 72 75 112 96 67 17 1
4103186273 7 121 19 56 17 79 58 100 61 63 1
4129732228 119 60 36 69 67 3 32 45 78 109 0
4129640657 121 7 58 44 17 31 70 119 67 106 1
4129377074 121 7 108 67 17 5 74 120 78 12 0
4129302351 71 83 45 73 39 65 121 7 114 63 0
4129061188 110 22 61 49 70 5 88 121 44 17 0
4128935150 3 7 63 17 109 83 111 19 114 61 1
4128485677 85 7 62 25 4 51 19 100 22 48 1
4128445480 14 88 40 36 109 7 45 26 63 25 0
4128393070 83 119 45 2 67 27 21 19 17 114 1
4128202640 83 86 36 70 73 85 78 45 74 95 0
4127833079 66 19 12 114 110 5 106 100 58 109 0
4127427902 23 7 36 63 73 112 97 121 44 61 1
4126896319 107 111 2 74 41 119 7 100 11 93 0
4126806684 5 112 14 34 67 7 51 85 56 73 0
4126278553 103 119 70 17 10 14 27 58 67 46 1
4125811260 86 70 110 73 12 16 27 106 114 63 0
4125212091 75 119 2 76 48 7 27 47 99 109 0
4125144732 7 31 104 25 109 112 110 17 9 42 0
